3 1 0 0 816.5 147 63.9 1 8 0 0 0 
3 2 0 0 500 133 67.5 2 8 0 0 0 
3 3 0 0 1099 321 97.9 3 8 0 0 0 
3 4 0 0 1793.5 122.5 76.1 4 8 0 0 0 
3 5 0 0 1314 258.5 101.6 5 8 0 0 0 
3 6 0 0 1468 357 63.8 6 8 0 0 0 
3 7 0 0 334.5 221.5 135.3 7 8 0 0 0 
3 8 0 0 1714.5 395.5 100.8 8 8 0 0 0 
4 1 3.34807 3.34807 819.5 149.5 64.8 1 8 389.4 401.769 3.34807 
4 2 5.41581 5.41581 505 131 64.8 2 8 581.598 649.897 5.41581 
4 3 3.98845 3.98845 1103 320.5 96.2 3 8 445.295 478.614 3.98845 
4 4 1.26338 1.26338 1794.5 122 75.1 4 8 108 151.606 1.26338 
4 5 4.18638 4.18638 1318 257.5 103.8 5 8 445.295 502.365 4.18638 
4 6 4.10758 4.10758 1472 355.5 62.9 6 8 482.991 492.909 4.10758 
4 7 4.66416 4.66416 337.5 223 139 7 8 389.4 559.699 4.66416 
4 8 2.56228 2.56228 1712 397.5 100.5 8 8 305.47 307.473 2.56228 
5 1 4.38487 5.42167 825.5 149.5 65.3 1 8 648 650.601 5.42167 
5 2 4.08312 2.75043 508 131.5 64.2 2 8 324 330.052 2.75043 
5 3 3.4854 2.98234 1106 321 95.3 3 8 341.526 357.881 2.98234 
5 4 3.34901 5.43463 1799.5 119 76.6 4 8 629.743 652.156 5.43463 
5 5 3.87533 3.56427 1320 258 100.5 5 8 241.495 427.713 3.56427 
5 6 6.39928 8.69099 1481.5 358 64.7 6 8 1024.58 1042.92 8.69099 
5 7 8.27266 11.8812 340 226 126.5 7 8 458.205 1425.74 11.8812 
5 8 3.99499 5.42771 1711.5 393 104.9 8 8 445.295 651.326 5.42771 
6 1 4.76397 5.52217 831 150.5 64.5 1 8 656.938 662.661 5.52217 
6 2 3.36033 1.91474 510.5 131 63.5 2 8 216 229.769 1.91474 
6 3 3.57543 3.7555 1110.5 320 95.9 3 8 445.295 450.659 3.7555 
6 4 3.50546 3.81838 1803.5 118.5 75.6 4 8 445.295 458.205 3.81838 
6 5 3.53961 2.86819 1323.5 257.5 100.9 5 8 341.526 344.183 2.86819 
6 6 6.11365 5.54237 1487.5 359.5 65.6 6 8 656.938 665.084 5.54237 
6 7 6.52653 3.03425 337 226 125 7 8 324 364.11 3.03425 
6 8 5.22336 7.6801 1711.5 400 100 8 8 756 921.612 7.6801 
7 1 4.36457 3.16637 832.5 153 66.1 1 8 341.526 379.965 3.16637 
7 2 3.83375 5.254 515.5 134 63.8 2 8 629.743 630.48 5.254 
7 3 3.13861 1.82814 1112 320.5 95.5 3 8 216 219.377 1.82814 
7 4 3.78389 4.61916 1808.5 118.5 74.5 4 8 540 554.299 4.61916 
7 5 4.12985 5.90058 1327.5 257.5 106.1 5 8 432 708.069 5.90058 
7 6 6.41171 7.30591 1495 358.5 66.6 6 8 870.724 876.709 7.30591 
7 7 5.64869 3.01518 340 225.5 123.9 7 8 341.526 361.821 3.01518 
7 8 6.35047 9.73178 1709.5 410.5 96.4 8 8 1101.39 1167.81 9.73178 
8 1 4.42203 4.65183 837 154.5 65.2 1 8 550.694 558.22 4.65183 
8 2 3.80143 3.67216 519.5 134.5 64.6 2 8 432 440.659 3.67216 
8 3 3.09163 2.90374 1115.5 319.5 94.9 3 8 341.526 348.449 2.90374 
8 4 3.80312 3.88003 1811.5 115.5 73.7 4 8 458.205 465.604 3.88003 
8 5 3.57688 1.36498 1328 257 105 5 8 108 163.797 1.36498 
8 6 6.27233 5.71478 1501.5 360.5 67.1 6 8 683.052 685.773 5.71478 
8 7 5.31877 3.99909 342.5 227 120.4 7 8 305.47 479.89 3.99909 
8 8 5.26415 0.918874 1710.5 410 96.6 8 8 108 110.265 0.918874 
9 1 4.16162 2.85956 840.5 155 64.9 1 8 341.526 343.148 2.85956 
9 2 3.84136 4.04102 523.5 136.5 64.2 2 8 482.991 484.922 4.04102 
9 3 3.17784 3.60888 1119.5 319 94.6 3 8 432 433.066 3.60888 
9 4 3.94771 4.67068 1816 114 74.7 4 8 550.694 560.481 4.67068 
9 5 3.887 5.43759 1334 257 105.7 5 8 648 652.511 5.43759 
9 6 6.01162 4.70807 1506.5 361 66 6 8 550.694 564.968 4.70807 
9 7 5.56349 6.78712 339.5 225 127.1 7 8 389.4 814.454 6.78712 
9 8 5.23115 5.06616 1712 415 94.9 8 8 581.598 607.94 5.06616 
10 1 4.40203 5.84453 846 157.5 63.5 1 8 683.052 701.344 5.84453 
10 2 3.68829 2.76986 526.5 136 63.5 2 8 324 332.383 2.76986 
10 3 3.17755 3.17578 1122 319 92.8 3 8 324 381.094 3.17578 
10 4 3.65166 1.87532 1818 114.5 74.1 4 8 216 225.038 1.87532 
10 5 3.52539 1.35574 1335.5 257.5 104.5 5 8 108 162.688 1.35574 
10 6 6.09144 6.5704 1513 363 66.5 6 8 786.252 788.448 6.5704 
10 7 5.05527 2.00592 341 225 126.1 7 8 216 240.71 2.00592 
10 8 6.03759 10.8762 1712.5 423 85.9 8 8 864 1305.15 10.8762 
11 1 4.20938 2.86082 849 158 63.8 1 8 341.526 343.299 2.86082 
11 2 3.82919 4.81547 531.5 137 61.9 2 8 550.694 577.856 4.81547 
11 3 3.29941 4.15248 1126.5 319 90.5 3 8 432 498.297 4.15248 
11 4 3.43384 1.9091 1818.5 113.5 72.2 4 8 108 229.092 1.9091 
11 5 3.7707 5.48789 1341 258 104.1 5 8 656.938 658.546 5.48789 
11 6 6.23213 7.21695 1521.5 363 67.1 6 8 864 866.034 7.21695 
11 7 4.8837 3.68269 343 228 124.1 7 8 389.4 441.923 3.68269 
11 8 6.19004 7.25715 1708.5 429.5 89.5 8 8 778.799 870.859 7.25715 
12 1 4.19378 4.06897 853.5 160.5 64.4 1 8 482.991 488.277 4.06897 
12 2 3.85453 4.05728 535.5 139.5 62.4 2 8 482.991 486.874 4.05728 
12 3 3.13281 1.8 1128.5 319 90.5 3 8 216 216 1.8 
12 4 3.49291 3.96551 1822.5 114 70.7 4 8 445.295 475.861 3.96551 
12 5 3.64099 2.60329 1343 257.5 102.3 5 8 241.495 312.394 2.60329 
12 6 6.13967 5.4 1527.5 363 67.1 6 8 648 648 5.4 
12 7 5.02203 6.12875 348 231.5 120.6 7 8 629.743 735.45 6.12875 
12 8 5.78834 2.57482 1709 431 87.7 8 8 241.495 308.978 2.57482 
13 1 4.1975 4.23102 857.5 162.5 65.9 1 8 482.991 507.722 4.23102 
13 2 4.28036 8.11284 542 144 65.1 2 8 929.051 973.54 8.11284 
13 3 3.19132 3.71786 1132.5 318.5 90.7 3 8 445.295 446.143 3.71786 
13 4 3.69107 5.47449 1828 113 70.7 4 8 656.938 656.939 5.47449 
13 5 3.59339 3.16498 1346 257 104.1 5 8 324 379.798 3.16498 
13 6 5.92069 3.9499 1531.5 362 65.6 6 8 445.295 473.988 3.9499 
13 7 5.35306 8.33227 345.5 230.5 111.9 7 8 341.526 999.873 8.33227 
13 8 5.48164 2.72126 1706 431.5 87.3 8 8 324 326.551 2.72126 
14 1 4.14578 3.62849 861 162.5 65.4 1 8 432 435.418 3.62849 
14 2 4.26231 4.08175 546.5 146 64.4 2 8 482.991 489.81 4.08175 
14 3 3.27776 4.14216 1136 319 92.8 3 8 445.295 497.059 4.14216 
14 4 4.13675 8.59358 1837.5 112.5 73.7 4 8 977.982 1031.23 8.59358 
14 5 3.59515 3.6128 1350 257.5 103.8 5 8 432 433.536 3.6128 
14 6 6.28765 9.95716 1542.5 363 66.2 6 8 1192.9 1194.86 9.95716 
14 7 5.40818 5.95938 346 230.5 118.5 7 8 108 715.126 5.95938 
14 8 5.66283 7.47478 1708 437.5 82 8 8 683.052 896.974 7.47478 
15 1 4.21182 4.93833 866 164.5 64.3 1 8 581.598 592.6 4.93833 
15 2 4.53564 7.54237 550 153 66.7 2 8 870.724 905.085 7.54237 
15 3 3.39366 4.66859 1141 318.5 93.7 3 8 550.694 560.23 4.66859 
15 4 0 0 1841.5 110 73.9 3 8 0 0 0 
15 5 3.57252 3.32352 1353 257.5 101.6 4 8 324 398.822 3.32352 
15 6 6.29557 6.3827 1549 364 66.7 5 8 763.675 765.924 6.3827 
15 7 5.25915 3.61979 348.5 231 121.8 6 8 241.495 434.375 3.61979 
15 8 5.48912 3.57834 1706 440 80.3 7 8 389.4 429.401 3.57834 
16 1 4.21314 4.22897 870 166.5 65.8 1 8 482.991 507.476 4.22897 
16 2 4.46216 3.5803 553 155 68.3 2 8 389.4 429.636 3.5803 
16 3 3.41226 3.63552 1145 318.5 93.2 3 8 432 436.262 3.63552 
16 4 0 0 1842 109.5 75.6 3 8 0 0 0 
16 5 3.48456 2.4291 1355 257 103.4 4 8 216 291.492 2.4291 
16 6 6.15877 4.51724 1554.5 364.5 67.2 5 8 540 542.068 4.51724 
16 7 5.37677 6.78824 353 235 117.8 6 8 691.537 814.589 6.78824 
16 8 5.56211 6.43799 1710.5 442.5 74.7 7 8 482.991 772.559 6.43799 
17 1 4.14889 3.31357 873 168 66.5 1 8 389.4 397.629 3.31357 
17 2 4.41354 3.78149 556.5 157.5 66.2 2 8 389.4 453.779 3.78149 
17 3 3.42829 3.63664 1149 318.5 92.6 3 8 432 436.397 3.63664 
17 4 0 0 1847 106.5 79.3 3 8 0 0 0 
17 5 3.49286 3.60076 1359.5 257 103.3 4 8 432 432.091 3.60076 
17 6 6.11605 5.56068 1560 365 66.1 5 8 656.938 667.282 5.56068 
17 7 5.67025 9.48548 350 231.5 108.5 6 8 540 1138.26 9.48548 
17 8 5.74674 8.14689 1707 450.5 77.7 7 8 922.752 977.627 8.14689 
18 1 4.06216 2.84805 876.5 169 66.6 1 8 341.526 341.766 2.84805 
18 2 4.2404 1.81655 558 157.5 66.5 2 8 216 217.986 1.81655 
18 3 3.38321 2.75205 1152.5 318.5 92 3 8 324 330.246 2.75205 
18 4 0 0 1847 106.5 79.3 3 8 0 0 0 
18 5 3.53173 4.07594 1363.5 256.5 105.2 4 8 445.295 489.113 4.07594 
18 6 6.14033 6.4802 1567 364.5 64.7 5 8 763.675 777.624 6.4802 
18 7 5.3799 1.31503 351.5 232.5 108.2 6 8 152.735 157.804 1.31503 
18 8 5.74853 5.77361 1706.5 456 75.6 7 8 656.938 692.833 5.77361 
19 1 3.9856 2.83722 879.5 169 67.6 1 8 324 340.466 2.83722 
19 2 4.06567 1.44466 559.5 156 65.7 2 8 152.735 173.359 1.44466 
19 3 3.39676 3.6 1156.5 318.5 92 3 8 432 432 3.6 
19 4 0 0 1848.5 104 79.9 3 8 0 0 0 
19 5 3.57067 4.15477 1367 256.5 102.9 4 8 432 498.573 4.15477 
19 6 6.22863 7.5531 1575.5 365 67.1 5 8 870.724 906.372 7.5531 
19 7 5.24419 3.2085 354.5 233 106.5 6 8 341.526 385.02 3.2085 
19 8 6.01506 10.013 1699.5 464.5 78.9 7 8 1148.06 1201.56 10.013 
20 1 4.09028 5.76508 884.5 173 67.4 1 8 691.537 691.809 5.76508 
20 2 4.12792 5.12388 563.5 160 65.1 2 8 610.94 614.865 5.12388 
20 3 3.43504 4.04756 1160 317.5 93.8 3 8 445.295 485.707 4.04756 
20 4 0 0 1849.5 103.5 81.4 3 8 0 0 0 
20 5 3.51234 2.57904 1369 257 101.1 4 8 241.495 309.485 2.57904 
20 6 6.44505 9.90783 1586 365.5 66.6 5 8 1188 1188.94 9.90783 
20 7 5.13522 3.39168 357.5 235 107.6 6 8 389.4 407.002 3.39168 
20 8 5.8891 3.87373 1701 467.5 81.3 7 8 389.4 464.848 3.87373 
21 1 4.06925 3.71177 888 174.5 67.3 1 8 445.295 445.413 3.71177 
21 2 4.10681 3.74803 567 161.5 64.5 2 8 445.295 449.763 3.74803 
21 3 3.3973 2.75569 1163.5 317.5 94.4 3 8 324 330.683 2.75569 
21 4 0 0 1852.5 102 83.9 3 8 0 0 0 
21 5 3.4402 2.21374 1371.5 256.5 100.1 4 8 241.495 265.649 2.21374 
21 6 6.23709 2.70187 1589 365 66.5 5 8 324 324.224 2.70187 
21 7 5.00597 2.80879 358 235 110.6 6 8 108 337.055 2.80879 
21 8 6.03062 8.43644 1698 470 72.9 7 8 458.205 1012.37 8.43644 
22 1 3.95247 1.85041 890.5 174.5 67.8 1 8 216 222.049 1.85041 
22 2 3.99675 2.0156 569.5 160.5 64.3 2 8 241.495 241.872 2.0156 
22 3 3.43191 4.05499 1167 316.5 92.6 3 8 445.295 486.598 4.05499 
22 4 0 0 1853 100.5 84 3 8 0 0 0 
22 5 3.56143 5.74352 1377 256.5 102.3 4 8 648 689.223 5.74352 
22 6 6.25431 6.5642 1596.5 366 64.7 5 8 763.675 787.704 6.5642 
22 7 4.96293 4.18826 361.5 238 112.5 6 8 458.205 502.592 4.18826 
22 8 5.92556 4.03452 1700.5 474.5 73.2 7 8 482.991 484.142 4.03452 
23 1 4.04723 5.84777 896 172.5 66.3 1 8 683.052 701.732 5.84777 
23 2 3.92575 2.5768 571 162 63.9 2 8 305.47 309.216 2.5768 
23 3 3.44586 3.7108 1171 315.5 92.6 3 8 445.295 445.295 3.7108 
23 4 0 0 1854 97.5 83.7 3 8 0 0 0 
23 5 3.56946 3.72218 1381 257 102.6 4 8 445.295 446.661 3.72218 
23 6 6.31536 7.47537 1604.5 367.5 66.7 5 8 870.724 897.045 7.47537 
23 7 5.02339 6.17203 366 240.5 116.7 6 8 581.598 740.643 6.17203 
23 8 6.01904 7.79508 1692.5 477 71.8 7 8 922.752 935.409 7.79508 
24 1 4.16812 6.58588 903 174 65.6 1 8 786.252 790.306 6.58588 
24 2 3.9573 4.58833 575 165 62.9 2 8 540 550.6 4.58833 
24 3 3.48673 4.30425 1175.5 314.5 95 3 8 445.295 516.51 4.30425 
24 4 0 0 1853.5 96 82.4 3 8 0 0 0 
24 5 3.52806 2.7 1384 257 102.6 4 8 324 324 2.7 
24 6 6.17056 3.27451 1607 368.5 64.9 5 8 341.526 392.941 3.27451 
24 7 4.90848 2.61038 364 241 118.6 6 8 241.495 313.246 2.61038 
24 8 6.24988 10.8667 1691 489 72.7 7 8 1300.49 1304.01 10.8667 
25 1 4.16261 4.04678 907.5 176.5 66 1 8 482.991 485.613 4.04678 
25 2 4.01669 5.26383 580 168.5 62.5 2 8 629.743 631.659 5.26383 
25 3 3.4536 2.75783 1178 314.5 94.4 3 8 324 330.94 2.75783 
25 4 0 0 1854.5 95 82.4 3 8 0 0 0 
25 5 3.49411 2.78114 1387.5 257 101.9 4 8 324 333.737 2.78114 
25 6 6.26053 8.14985 1616 367.5 64.9 5 8 977.982 977.982 8.14985 
25 7 4.84668 3.54878 367 242.5 116.2 6 8 341.526 425.854 3.54878 
25 8 6.20194 5.19525 1687.5 493.5 73.8 7 8 610.94 623.43 5.19525 
26 1 4.21968 5.47522 912 179 67.8 1 8 629.743 657.027 5.47522 
26 2 3.88986 1.09964 581.5 168 63.2 2 8 108 131.957 1.09964 
26 3 3.45389 3.46035 1180.5 314 91.1 3 8 216 415.242 3.46035 
26 4 0 0 1856 94.5 84.6 3 8 0 0 0 
26 5 3.47136 2.97084 1390 257 103.2 4 8 324 356.501 2.97084 
26 6 6.26228 6.30076 1623 367 65 5 8 756 756.091 6.30076 
26 7 4.74585 2.52762 367.5 243.5 118.9 6 8 108 303.314 2.52762 
26 8 6.49189 12.8707 1676.5 502 75.4 7 8 1534.97 1544.49 12.8707 
27 1 4.20436 3.8521 916 179 66.3 1 8 432 462.252 3.8521 
27 2 3.8968 4.05629 585 170.5 62.6 2 8 482.991 486.755 4.05629 
27 3 3.4405 3.13247 1183.5 313.5 92.5 3 8 341.526 375.897 3.13247 
27 4 0 0 1858.5 93.5 88.2 3 8 0 0 0 
27 5 3.43917 2.69884 1392.5 257 101 4 8 216 323.861 2.69884 
27 6 6.34544 8.25813 1632 368 66.5 5 8 977.982 990.976 8.25813 
27 7 4.63256 2.02697 369 244 118.6 6 8 241.495 243.236 2.02697 
27 8 6.63061 9.82132 1670.5 497.5 67.8 7 8 843.507 1178.56 9.82132 
28 1 4.2199 4.5928 921 180.5 66.1 1 8 550.694 551.136 4.5928 
28 2 4.05408 7.82891 592.5 175 63.9 2 8 929.051 939.469 7.82891 
28 3 3.46977 4.17218 1187.5 313.5 90.2 3 8 432 500.662 4.17218 
28 4 0 0 1858 92.5 85.4 3 8 0 0 0 
28 5 3.44644 3.62095 1396 257.5 101.4 4 8 432 434.514 3.62095 
28 6 6.45393 9.05769 1642 367.5 67.1 5 8 1085.39 1086.92 9.05769 
28 7 4.49542 1.20389 368.5 244 117.7 6 8 108 144.467 1.20389 
28 8 6.66215 7.41906 1664.5 502.5 65.2 7 8 843.507 890.287 7.41906 
29 1 4.27696 5.70359 927.5 182.5 65.7 1 8 683.052 684.431 5.70359 
29 2 4.10721 5.4354 598.5 175.5 63.2 2 8 648 652.248 5.4354 
29 3 3.47816 3.68787 1191.5 313 91.1 3 8 432 442.544 3.68787 
29 4 0 0 1862 90 89.2 3 8 0 0 0 
29 5 3.45235 3.6 1400 257.5 101.4 4 8 432 432 3.6 
29 6 6.41391 5.41342 1648 367.5 66.6 5 8 648 649.611 5.41342 
29 7 4.52265 5.20345 370 244.5 112.3 6 8 216 624.415 5.20345 
29 8 6.89547 12.7285 1662 516.5 65.3 7 8 1527.35 1527.43 12.7285 
30 1 4.19338 2.02027 929.5 183 65.8 1 8 241.495 242.432 2.02027 
30 2 4.15178 5.31063 603 178 62.3 2 8 629.743 637.275 5.31063 
30 3 3.52169 4.65364 1196 312.5 92 3 8 550.694 558.437 4.65364 
30 4 0 0 1863 88 91.2 3 8 0 0 0 
30 5 3.39944 2.02386 1402.5 257 100.4 4 8 216 242.863 2.02386 
30 6 6.41903 6.55204 1655 367.5 68.6 5 8 756 786.245 6.55204 
30 7 4.47953 3.35853 370 244.5 108.5 6 8 0 403.024 3.35853 
30 8 6.8247 4.98464 1658 516.5 61.5 7 8 432 598.157 4.98464 
31 1 4.22734 5.14415 933 187 66.7 1 8 610.94 617.298 5.14415 
31 2 4.17109 4.69252 607.5 181 63.8 2 8 540 563.102 4.69252 
31 3 3.50431 3.03506 1199 311.5 90.8 3 8 341.526 364.207 3.03506 
31 4 0 0 1862.5 88.5 90.1 3 8 0 0 0 
31 5 3.46847 5.33223 1406 257 104.8 4 8 432 639.868 5.33223 
31 6 6.39673 5.7949 1661 368 66.5 5 8 656.938 695.388 5.7949 
31 7 4.47279 4.29064 374.5 246 106.9 6 8 482.991 514.877 4.29064 
31 8 7.0497 13.1245 1666.5 528.5 63.6 7 8 1557.6 1574.94 13.1245 
32 1 4.31793 6.85449 936 194 66.7 1 8 822.503 822.539 6.85449 
32 2 4.21833 5.54092 613 182.5 64.7 2 8 656.938 664.91 5.54092 
32 3 3.47853 2.75659 1201.5 311.5 93.1 3 8 216 330.791 2.75659 
32 4 0 0 1864.5 84.5 88.9 3 8 0 0 0 
32 5 3.51064 4.69149 1410 257.5 101.4 4 8 432 562.979 4.69149 
32 6 6.39719 6.41004 1668 368 67.8 5 8 756 769.205 6.41004 
32 7 4.51576 5.71888 376 245 112.8 6 8 241.495 686.265 5.71888 
32 8 7.02614 6.36662 1661.5 533 63.8 7 8 763.675 763.994 6.36662 
33 1 4.24116 2.01479 938.5 193.5 66.6 1 8 241.495 241.775 2.01479 
33 2 4.20134 3.70859 617 182 63.7 2 8 432 445.03 3.70859 
33 3 3.46281 3.00695 1204.5 311 91.6 3 8 324 360.834 3.00695 
33 4 0 0 1863 85.5 85.9 3 8 0 0 0 
33 5 3.48452 2.72698 1413.5 257 101.9 4 8 324 327.238 2.72698 
33 6 6.42644 7.27447 1676.5 367 68.4 5 8 870.724 872.936 7.27447 
33 7 4.48388 3.55949 379 247 114.5 6 8 389.4 427.138 3.55949 
33 8 6.96398 5.16133 1657.5 537 62.9 7 8 610.94 619.359 5.16133 
34 1 4.22262 3.66632 942.5 193 67.4 1 8 432 439.959 3.66632 
34 2 4.19641 4.04848 621 184 63.3 2 8 482.991 485.818 4.04848 
34 3 3.47374 3.8017 1208.5 310.5 92.5 3 8 445.295 456.205 3.8017 
34 4 0 0 1867 83 90.7 3 8 0 0 0 
34 5 3.43293 1.88511 1415.5 257 102.5 4 8 216 226.213 1.88511 
34 6 6.34249 3.82395 1680.5 368.5 67.4 5 8 445.295 458.875 3.82395 
34 7 4.63181 9.06979 387.5 253 115.7 6 8 1080 1088.37 9.06979 
34 8 7.48361 23.0726 1634 543 72.5 7 8 2567.13 2768.71 23.0726 
35 1 4.20741 3.73615 945.5 195.5 65.3 1 8 389.4 448.338 3.73615 
35 2 4.22505 5.11296 625.5 188 63.8 2 8 610.94 613.555 5.11296 
35 3 3.57014 6.55834 1215 312 92.9 3 8 786.252 787.001 6.55834 
35 4 0 0 1877.5 79 103.3 3 8 0 0 0 
35 5 3.44008 3.66186 1419 257 101.7 4 8 432 439.423 3.66186 
35 6 6.42776 9.07134 1690.5 369 66.6 5 8 1085.39 1088.56 9.07134 
35 7 4.57987 2.96963 387.5 252.5 118.9 6 8 108 356.355 2.96963 
35 8 7.73257 15.4502 1625.5 537.5 59.2 7 8 1168.2 1854.02 15.4502 
36 1 4.16634 2.85202 948.5 196.5 65.1 1 8 341.526 342.243 2.85202 
36 2 4.33834 7.96385 630.5 195 65.8 2 8 929.051 955.662 7.96385 
36 3 3.57878 3.85552 1219.5 311 91.7 3 8 445.295 462.662 3.85552 
36 4 0 0 1876 82 97.1 3 8 0 0 0 
36 5 3.36433 0.940328 1420 257.5 101.4 4 8 108 112.839 0.940328 
36 6 6.4009 5.54133 1696 370 65.7 5 8 656.938 664.96 5.54133 
36 7 4.54352 3.38041 386.5 253.5 115.4 6 8 152.735 405.649 3.38041 
36 8 7.91061 13.6079 1614 547.5 56.4 7 8 1605.54 1632.95 13.6079 
37 1 4.15296 3.71123 952 197.5 65.2 1 8 445.295 445.348 3.71123 
37 2 4.2951 2.86808 633.5 194 65.5 2 8 341.526 344.169 2.86808 
37 3 3.55294 2.7 1222.5 311 91.7 3 8 324 324 2.7 
37 4 0 0 1877 85 96.9 3 8 0 0 0 
37 5 3.43285 5.69418 1426 258 99.7 4 8 656.938 683.302 5.69418 
37 6 6.37427 5.49552 1702.5 369 65.1 5 8 656.938 659.462 5.49552 
37 7 4.48457 2.53904 388.5 254.5 117.1 6 8 241.495 304.685 2.53904 
37 8 8.18595 17.2723 1613 566.5 58.9 7 8 2054.84 2072.67 17.2723 
38 1 4.19898 5.76365 956.5 202 65.3 1 8 691.537 691.638 5.76365 
38 2 4.31489 4.98754 638 196 64.1 2 8 581.598 598.504 4.98754 
38 3 3.55773 3.72071 1226 310.5 91.4 3 8 445.295 446.485 3.72071 
38 4 0 0 1883.5 80.5 99.6 3 8 0 0 0 
38 5 3.41093 2.66565 1427.5 258 102.5 4 8 108 319.878 2.66565 
38 6 6.32237 4.55782 1707 369.5 64.3 5 8 540 546.938 4.55782 
38 7 4.4496 3.26084 390.5 255 114.2 6 8 241.495 391.301 3.26084 
38 8 8.24131 10.1234 1611.5 577 57.7 7 8 1207.48 1214.81 10.1234 
39 1 4.18595 3.72997 960 201 64.9 1 8 445.295 447.596 3.72997 
39 2 4.30696 4.02943 640 200 64.4 2 8 482.991 483.531 4.02943 
39 3 3.57423 4.15159 1230.5 309 93.5 3 8 445.295 498.191 4.15159 
39 4 0 0 1889 76.5 117.1 3 8 0 0 0 
39 5 3.4256 3.93881 1431.5 258.5 100.7 4 8 432 472.657 3.93881 
39 6 6.29709 5.41229 1713.5 369 63.9 5 8 648 649.475 5.41229 
39 7 4.39964 2.65078 391 257 112.3 6 8 241.495 318.094 2.65078 
39 8 8.32341 11.1968 1605.5 587.5 53.4 7 8 1259.49 1343.61 11.1968 
40 1 4.12761 2.02734 961.5 203 64.6 1 8 241.495 243.281 2.02734 
40 2 4.26736 2.84195 643.5 200.5 65.3 2 8 324 341.034 2.84195 
40 3 3.60332 4.65066 1234.5 308 96.6 3 8 445.295 558.08 4.65066 
40 4 0 0 1892 73.5 118.6 3 8 0 0 0 
40 5 3.43338 3.71346 1435 258 99.7 4 8 432 445.615 3.71346 
40 6 6.40257 10.1997 1724 367.5 65.8 5 8 1207.48 1223.96 10.1997 
40 7 4.33861 2.14185 393.5 258 113.1 6 8 241.495 257.021 2.14185 
40 8 8.17246 2.73826 1605 590.5 53.9 7 8 324 328.592 2.73826 
41 1 4.22547 7.84624 969.5 206 62.9 1 8 922.752 941.549 7.84624 
41 2 4.24173 3.29321 646 202 64.7 2 8 389.4 395.185 3.29321 
41 3 3.61343 3.98734 1238 307.5 95 3 8 445.295 478.481 3.98734 
41 4 0 0 1894 71.5 122.7 3 8 0 0 0 
41 5 3.41605 2.7751 1438.5 258 100.4 4 8 324 333.012 2.7751 
41 6 6.37789 5.46488 1730.5 367.5 64.8 5 8 648 655.785 5.46488 
41 7 4.25794 1.27279 394.5 259 113.1 6 8 152.735 152.735 1.27279 
41 8 8.55499 22.7086 1580.5 591.5 50.6 7 8 2702.16 2725.03 22.7086 
42 1 4.23356 4.54102 973.5 203.5 62.2 1 8 540 544.922 4.54102 
42 2 4.20875 2.95548 649 203 63.8 2 8 341.526 354.657 2.95548 
42 3 3.59315 2.82268 1241.5 307 94 3 8 324 338.722 2.82268 
42 4 0 0 1897 71.5 124.8 3 8 0 0 0 
42 5 3.37513 1.82009 1440.5 258.5 100.7 4 8 216 218.411 1.82009 
42 6 6.38793 6.76938 1737.5 369 63 5 8 786.252 812.325 6.76938 
42 7 4.1983 1.93225 394 258.5 111.2 6 8 108 231.87 1.93225 
42 8 8.94059 23.5937 1554 588.5 49.1 7 8 2826.63 2831.24 23.5937 
43 1 4.25083 4.92444 978.5 205.5 61.2 1 8 581.598 590.933 4.92444 
43 2 4.12125 0.709095 649.5 203 64.6 2 8 0 85.0914 0.709095 
43 3 3.6189 4.62322 1246 306 94.7 3 8 550.694 554.786 4.62322 
43 4 0 0 1898.5 71 124.2 3 8 0 0 0 
43 5 3.3717 3.23784 1443.5 259 99 4 8 341.526 388.541 3.23784 
43 6 6.43544 8.28845 1746.5 368.5 64.6 5 8 977.982 994.614 8.28845 
43 7 4.21579 4.89799 398.5 259.5 114.8 6 8 445.295 587.759 4.89799 
43 8 9.16778 18.028 1538.5 600.5 50.2 7 8 2160 2163.36 18.028 
44 1 4.26271 4.7381 983.5 206.5 62.5 1 8 550.694 568.572 4.7381 
44 2 4.10074 3.28033 652.5 205 65.2 2 8 389.4 393.64 3.28033 
44 3 3.58159 2.08905 1248.5 305 94 3 8 241.495 250.686 2.08905 
44 4 0 0 1898 73 128.1 3 8 0 0 0 
44 5 3.36784 3.21356 1446.5 258.5 97.3 4 8 341.526 385.628 3.21356 
44 6 6.39217 4.66122 1751.5 368 66 5 8 540 559.346 4.66122 
44 7 4.18808 3.07963 398.5 260 111.5 6 8 108 369.555 3.07963 
44 8 9.52619 23.8627 1533.5 626 51.6 7 8 2859.45 2863.53 23.8627 
45 1 4.32093 6.70775 990 208 64.1 1 7 786.252 804.93 6.70775 
45 2 4.07011 2.81421 655.5 205.5 64.3 2 7 324 337.705 2.81421 
45 3 3.58636 3.78203 1252 305 92.8 3 7 432 453.844 3.78203 
45 4 0 0 1900 72 130.2 3 7 0 0 0 
45 5 3.36417 3.21356 1449.5 259 99 4 7 341.526 385.628 3.21356 
45 6 6.31131 2.99593 1754 368.5 64.5 5 7 324 359.512 2.99593 
45 7 4.17692 3.71908 402 261 111.2 6 7 445.295 446.289 3.71908 
45 8 9.47081 7.20018 1530 632 47.3 7 7 724.486 864.021 7.20018 
46 1 4.30445 3.61233 994 208.5 63.8 1 7 432 433.48 3.61233 
46 2 4.10989 5.78067 658 209 68.3 2 7 540 693.681 5.78067 
46 3 3.57037 2.89884 1255.5 304 93.4 3 7 341.526 347.861 2.89884 
46 5 3.3442 2.50539 1451.5 258.5 97.3 4 7 241.495 300.647 2.50539 
46 6 6.46056 12.7292 1768.5 366 64.7 5 7 1527.35 1527.5 12.7292 
46 7 4.11777 1.63371 402.5 261.5 109.4 6 7 0 196.045 1.63371 
46 8 9.57977 14.1561 1527.5 647.5 43.6 7 7 1652.08 1698.73 14.1561 
47 1 4.27193 2.87357 997.5 209 64.3 1 7 341.526 344.829 2.87357 
47 2 4.14428 5.62278 664 209 66.6 2 7 648 674.734 5.62278 
47 3 3.56063 3.14184 1258.5 303.5 91.9 3 7 341.526 377.021 3.14184 
47 5 3.37138 4.54034 1456 258.5 96.7 4 7 540 544.84 4.54034 
47 6 6.43903 5.51325 1774.5 365.5 65.5 5 7 656.938 661.59 5.51325 
47 7 4.09543 3.13485 404.5 263.5 107.4 6 7 305.47 376.182 3.13485 
47 8 9.7997 19.2564 1506.5 651 42.7 7 7 2308.78 2310.76 19.2564 
48 1 4.28297 4.76864 1002.5 210 65.7 1 7 550.694 572.236 4.76864 
48 2 4.14642 4.24061 668 211 65.1 2 7 482.991 508.874 4.24061 
48 3 3.58349 4.58912 1263.5 302.5 91.9 3 7 550.694 550.694 4.58912 
48 5 3.39206 4.30163 1460.5 258.5 99.3 4 7 432 516.195 4.30163 
48 6 6.39613 4.50869 1779 365.5 65.2 5 7 540 541.043 4.50869 
48 7 4.09996 4.299 408 265 105.7 6 7 482.991 515.88 4.299 
48 8 10.0778 22.3145 1483 642.5 40.6 7 7 2667.4 2677.74 22.3145 
49 1 4.31374 5.69846 1008 212.5 66 1 7 683.052 683.816 5.69846 
49 2 4.13702 3.71435 672 212.5 64.9 2 7 445.295 445.722 3.71435 
49 3 3.5666 2.80677 1266 302 91 3 7 324 336.812 2.80677 
49 5 3.38332 2.9904 1463.5 258.5 100.7 4 7 324 358.848 2.9904 
49 6 6.34379 3.98843 1783 365 63.2 5 7 432 478.611 3.98843 
49 7 4.04895 1.75361 408 265.5 107.7 6 7 0 210.433 1.75361 
49 8 10.7193 39.5852 1441.5 655.5 41.8 7 7 4748.32 4750.22 39.5852 
50 1 4.27965 2.71158 1011.5 212.5 66.3 1 8 324 325.389 2.71158 
50 2 4.20018 7.10515 678.5 217.5 63.7 2 8 843.507 852.618 7.10515 
50 3 3.56732 3.6003 1270.5 302 91.1 3 8 432 432.036 3.6003 
50 5 3.42091 5.15001 1465 258.5 95.3 4 8 216 618.001 5.15001 
50 6 6.24494 1.69769 1784.5 365.5 64.8 5 8 108 203.722 1.69769 
50 7 3.99031 1.2928 409.5 266 107.4 6 8 152.735 155.137 1.2928 
50 8 11.168 31.8104 1426 687.5 42.3 7 8 3816.85 3817.24 31.8104 
51 1 4.31086 5.77758 1015 217.5 65.8 1 7 691.537 693.31 5.77758 
51 2 4.22192 5.244 682.5 213.5 62.4 2 7 610.94 629.28 5.244 
51 3 3.55791 3.11579 1273.5 301.5 89.7 3 7 341.526 373.894 3.11579 
51 5 3.41601 3.18535 1468 259 96.9 4 7 341.526 382.242 3.18535 
51 6 6.3599 11.763 1797 364.5 63.9 5 7 1408.15 1411.56 11.763 
51 7 3.95292 2.19557 410.5 268 106.4 6 7 241.495 263.469 2.19557 
51 8 11.2115 13.2563 1418.5 699.5 39.3 7 7 1557.6 1590.75 13.2563 
52 1 4.33314 5.40257 1021 217 65.6 1 7 648 648.308 5.40257 
52 2 4.22778 4.50889 686.5 216 62 2 7 540 541.067 4.50889 
52 3 3.57773 4.52872 1278 301.5 90.3 3 7 540 543.446 4.52872 
52 5 3.40143 2.70205 1471.5 259 97 4 7 324 324.245 2.70205 
52 6 6.35993 6.3617 1804.5 364 63 5 7 756 763.404 6.3617 
52 7 3.91544 2.11671 412 269 107.2 6 7 241.495 254.005 2.11671 
52 8 11.2628 13.7267 1406 708.5 36.6 7 7 1620 1647.2 13.7267 
53 1 4.33899 4.62555 1026.5 218.5 66.3 1 7 550.694 555.067 4.62555 
53 2 4.32064 8.87105 695 220 61.6 2 7 1063.68 1064.53 8.87105 
53 3 3.58538 3.9604 1281.5 301 93.5 3 7 324 475.248 3.9604 
53 5 3.38741 2.7 1474.5 259 97 4 7 324 324 2.7 
53 6 6.41646 9.18634 1814.5 365 64.7 5 7 1085.39 1102.36 9.18634 
53 7 3.8832 2.30346 414.5 270.5 108.4 6 7 241.495 276.415 2.30346 
53 8 11.3712 16.6791 1388 710.5 32.6 7 7 1955.96 2001.5 16.6791 
54 1 4.32545 3.6484 1030 218.5 65.6 1 7 432 437.808 3.6484 
54 2 4.27226 1.85287 695 222 62.1 2 7 216 222.345 1.85287 
54 3 3.62583 5.64824 1287 300.5 95 3 7 656.938 677.789 5.64824 
54 5 3.37521 2.76558 1477 259 96.4 4 7 324 331.869 2.76558 
54 6 6.34519 2.78151 1815.5 366 62 5 7 152.735 333.781 2.78151 
54 7 3.89208 4.33586 417.5 269.5 112 6 7 341.526 520.303 4.33586 
54 8 11.9972 43.2982 1340 713.5 31.4 7 7 5194.12 5195.78 43.2982 
55 1 4.29583 2.78569 1032 220 64.4 1 7 305.47 334.283 2.78569 
55 2 4.243 2.75113 698.5 222.5 62.7 2 7 324 330.135 2.75113 
55 3 3.63024 3.85517 1291 300 93.5 3 7 432 462.62 3.85517 
55 5 3.38049 3.64944 1481.5 259 97 4 7 432 437.933 3.64944 
55 6 0 0 1820 365 63 4 7 0 0 0 
55 7 3.87267 2.88253 417 270 115.1 5 7 108 345.904 2.88253 
55 8 12.4847 37.3491 1300 724 32.5 6 7 4480.37 4481.89 37.3491 
56 1 4.27693 3.29411 1035.5 222.5 65 1 7 389.4 395.293 3.29411 
56 2 4.23333 3.73026 702 223 63.1 2 7 445.295 447.631 3.73026 
56 3 3.63607 3.93919 1295 300 91.7 3 7 432 472.703 3.93919 
56 5 3.37484 3.08111 1484.5 259.5 98.7 4 7 324 369.733 3.08111 
56 6 0 0 1821.5 364.5 63.4 4 7 0 0 0 
56 7 3.87093 3.78072 416 267 112.3 5 7 341.526 453.687 3.78072 
56 8 13.1539 47.9493 1266.5 765 33.7 6 7 5752.46 5753.92 47.9493 
57 1 4.30483 5.78343 1040.5 226.5 64.4 1 7 691.537 694.012 5.78343 
57 2 4.20766 2.84704 703.5 226 63.2 2 7 341.526 341.645 2.84704 
57 3 3.61873 2.7 1298 300 91.7 3 7 324 324 2.7 
57 5 3.37999 3.6529 1488 259.5 98 4 7 432 438.348 3.6529 
57 6 0 0 1829 363 68.3 4 7 0 0 0 
57 7 3.91315 6.15078 420 270.5 107.7 5 7 540 738.094 6.15078 
57 8 13.3089 21.5271 1252 784.5 29.8 6 7 2548.89 2583.25 21.5271 
58 1 4.32101 5.19476 1044 230 65.6 1 7 610.94 623.372 5.19476 
58 2 4.2364 5.78876 708 230 63.8 2 7 691.537 694.651 5.78876 
58 3 3.69878 8.02133 1304.5 297.5 97.6 3 7 724.486 962.559 8.02133 
58 5 3.37262 2.97457 1491.5 260 97 4 7 341.526 356.949 2.97457 
58 6 0 0 1831.5 362.5 70.1 4 7 0 0 0 
58 7 3.90707 3.57893 422.5 272 110.5 5 7 305.47 429.472 3.57893 
58 8 13.5734 27.8526 1224.5 797.5 27.6 6 7 3334.04 3342.31 27.8526 
59 1 4.33532 5.12233 1048.5 234 65 1 8 610.94 614.679 5.12233 
59 2 4.22755 3.7406 712 231 64.4 2 8 445.295 448.872 3.7406 
59 3 3.66781 1.96426 1305 297.5 95.6 3 8 108 235.711 1.96426 
59 5 3.36971 3.20987 1494.5 259.5 98.7 4 8 341.526 385.184 3.20987 
59 6 0 0 1838 363.5 74.7 4 8 0 0 0 
59 7 3.93523 5.4836 423.5 271.5 104.5 5 8 152.735 658.032 5.4836 
59 8 13.9775 36.2075 1184 801 26 6 8 4341.55 4344.91 36.2075 
60 1 4.33979 4.59003 1053 235.5 65.1 1 8 550.694 550.803 4.59003 
60 2 4.22573 4.12379 715 234 62.6 2 8 458.205 494.854 4.12379 
60 3 3.65718 3.06227 1308 296.5 94.4 3 8 341.526 367.472 3.06227 
60 5 3.36092 2.86843 1497 260 99.1 4 8 341.526 344.212 2.86843 
60 6 0 0 1840.5 363.5 75.6 4 8 0 0 0 
60 7 3.925 3.35257 426.5 273 103.6 5 8 389.4 402.309 3.35257 
60 8 14.6373 51.5851 1127.5 807 25.6 6 8 6190.01 6190.22 51.5851 
61 1 4.31448 2.87188 1056 235.5 64 1 7 324 344.626 2.87188 
61 2 4.26764 6.65655 721.5 238 64.3 2 7 778.799 798.786 6.65655 
61 3 3.65637 3.60987 1312 296 94.1 3 7 432 433.184 3.60987 
61 5 3.36504 3.6 1501 260 99.1 4 7 432 432 3.6 
61 6 0 0 1849 362 83.7 4 7 0 0 0 
61 7 4.03902 10.5382 435.5 277.5 109.9 5 7 1063.68 1264.58 10.5382 
61 8 15.3773 57.5585 1064.5 818 25.3 6 7 6906.94 6907.01 57.5585 
62 1 4.30958 4.02531 1060.5 237.5 64 1 7 482.991 483.037 4.02531 
62 2 4.23594 2.39714 722.5 240.5 65.7 2 7 241.495 287.656 2.39714 
62 3 3.66021 3.88327 1314.5 294.5 90.8 3 7 305.47 465.993 3.88327 
62 5 3.35728 2.90714 1503.5 259.5 96.8 4 7 241.495 348.857 2.90714 
62 6 0 0 1850 361 84.7 4 7 0 0 0 
62 7 4.00258 1.88901 436.5 278.5 111.5 5 7 152.735 226.682 1.88901 
62 8 16.1542 61.2133 1019 869 25.4 6 7 7345.59 7345.6 61.2133 
63 1 4.30544 4.06145 1064.5 238 65.9 1 7 445.295 487.375 4.06145 
63 2 4.24184 4.58978 727 241 65.8 2 7 550.694 550.773 4.58978 
63 3 3.6994 6.01142 1320.5 293.5 88.1 3 7 656.938 721.37 6.01142 
63 5 3.37699 4.53994 1508 259.5 97.4 4 7 540 544.793 4.53994 
63 6 0 0 1855 362 90 4 7 0 0 0 
63 7 3.96204 1.56989 437.5 279 110.5 5 7 152.735 188.387 1.56989 
63 8 16.418 31.9799 986 882.5 23.2 6 7 3830.58 3837.58 31.9799 
64 1 4.32612 5.56672 1070.5 239 64.8 1 8 656.938 668.006 5.56672 
64 2 4.2545 5.01465 732.5 240.5 63.6 2 8 550.694 601.758 5.01465 
64 3 3.66939 1.86881 1322.5 293.5 88.6 3 8 216 224.257 1.86881 
64 5 3.37044 2.97761 1511.5 260 98.4 4 8 341.526 357.313 2.97761 
64 6 0 0 1861 360 99.1 4 8 0 0 0 
64 7 3.95904 3.7791 440 279.5 113.4 5 8 324 453.492 3.7791 
64 8 16.7349 35.7522 947.5 875 20.4 6 8 4279.31 4290.26 35.7522 
65 1 4.33057 4.60212 1075.5 240.5 65.1 1 8 550.694 552.254 4.60212 
65 2 4.27056 5.24979 737.5 243.5 63.4 2 8 629.743 629.975 5.24979 
65 3 3.68576 4.68449 1325 293 92.9 3 8 324 562.139 4.68449 
65 5 3.35148 2.19457 1513 259.5 97.4 4 8 241.495 263.349 2.19457 
65 6 0 0 1859.5 361.5 98.8 4 8 0 0 0 
65 7 3.94887 3.32864 439 280 116.8 5 8 152.735 399.437 3.32864 
65 8 17.7547 79.959 860.5 893 20 6 8 9595 9595.08 79.959 
66 1 4.32099 3.72674 1079.5 241 65.5 1 8 445.295 447.209 3.72674 
66 2 4.26168 3.71109 741 242.5 63.5 2 8 445.295 445.331 3.71109 
66 3 3.70799 5.08601 1330 293.5 95.5 3 8 540 610.321 5.08601 
66 5 3.35718 3.7108 1517 260.5 97.4 4 8 445.295 445.295 3.7108 
66 6 0 0 1864 360 103.2 4 8 0 0 0 
66 7 3.95989 4.643 438 280 111.8 5 8 108 557.16 4.643 
66 8 0 0 795 903.5 19.1 5 8 0 0 0 
66 11 0 0 1592 35.5 97.7 6 8 0 0 0 
67 1 4.3612 6.89483 1086 244 64.7 1 8 822.503 827.379 6.89483 
67 2 4.25511 3.84111 744.5 245.5 63.9 2 8 458.205 460.933 3.84111 
67 3 3.71144 3.92881 1334 293.5 97.3 3 8 432 471.457 3.92881 
67 5 3.34826 2.78626 1519.5 260 99.8 4 8 216 334.352 2.78626 
67 6 0 0 1866.5 359.5 106.4 4 8 0 0 0 
67 7 3.93298 2.23778 438.5 280 114.2 5 8 0 268.534 2.23778 
67 8 0 0 712.5 948 19.8 5 8 0 0 0 
67 11 0 0 1592.5 35.5 91.3 5 8 0 0 0 
68 1 4.39117 6.3091 1093 244.5 65.1 1 8 756 757.092 6.3091 
68 2 4.23297 2.816 747.5 245.5 64.8 2 8 324 337.92 2.816 
68 3 3.70983 3.60658 1338.5 293 97.5 3 8 432 432.789 3.60658 
68 5 3.32608 1.90697 1521 260 99.1 4 8 216 228.837 1.90697 
68 6 0 0 1874.5 361.5 117.6 4 8 0 0 0 
68 7 3.91925 3.04036 440.5 280 111.5 5 8 216 364.844 3.04036 
68 8 0 0 668.5 958 18.2 5 8 0 0 0 
68 11 0 0 1590 36.5 92.3 5 8 0 0 0 
69 1 4.40052 5.00801 1098.5 246.5 66.5 1 8 581.598 600.962 5.00801 
69 2 4.20262 2.23006 748.5 243 63.7 2 8 241.495 267.608 2.23006 
69 3 3.72652 4.81151 1343.5 292.5 95.9 3 8 550.694 577.381 4.81151 
69 5 3.34106 4.31451 1525.5 259.5 101.5 4 8 445.295 517.741 4.31451 
69 6 0 0 1877 363 124.1 4 8 0 0 0 
69 7 3.88556 1.69564 440 280 113.4 5 8 0 203.477 1.69564 
69 8 0 0 601.5 945 17 5 8 0 0 0 
69 11 0 0 1590 37 87.7 5 8 0 0 0 
70 1 4.44098 7.11111 1105 243.5 64.4 1 8 822.503 853.334 7.11111 
70 2 4.185 3.02213 749.5 241 66.2 2 8 241.495 362.656 3.02213 
70 3 3.73401 4.22857 1347.5 292.5 98.4 3 8 432 507.429 4.22857 
70 5 3.35712 4.4167 1529.5 259.5 98.7 4 8 432 530.004 4.4167 
70 6 0 0 1882 361.5 135.1 4 8 0 0 0 
70 7 3.87553 3.21397 443.5 280 115.3 5 8 324 385.677 3.21397 
70 8 0 0 512.5 945.5 16.8 5 8 0 0 0 
70 11 0 0 1588 38 85.1 5 8 0 0 0 
71 1 4.44616 4.79346 1106.5 248.5 65.9 1 8 550.694 575.216 4.79346 
71 2 4.27439 10.2635 756 249.5 70.4 2 8 1148.06 1231.62 10.2635 
71 3 3.73204 3.60002 1351.5 292 98.4 3 8 432 432.003 3.60002 
71 5 3.37646 4.67237 1534 260 97.7 4 8 550.694 560.684 4.67237 
71 6 0 0 1886 349.5 127.8 4 8 0 0 0 
71 7 3.96141 9.71477 452 285 118.6 5 8 1111.93 1165.77 9.71477 
71 8 0 0 445 945.5 17.3 5 8 0 0 0 
71 11 0 0 1586 39 83.6 5 8 0 0 0 
72 1 4.42298 2.84695 1109 249.5 66 1 7 341.526 341.634 2.84695 
72 2 4.23077 1.26467 756.5 249.5 71.8 2 7 0 151.76 1.26467 
72 3 3.73284 3.78689 1355.5 291 97.5 3 7 445.295 454.427 3.78689 
72 5 3.37893 3.54725 1535.5 260 93.9 4 7 108 425.67 3.54725 
72 6 0 0 1890.5 347.5 133 4 7 0 0 0 
72 7 3.94116 2.5648 454 286 116.8 5 7 241.495 307.775 2.5648 
72 8 0 0 367 965 17 5 7 0 0 0 
72 11 0 0 1587.5 40.5 78 5 7 0 0 0 
73 1 4.43809 5.48049 1115.5 250.5 66.3 1 8 656.938 657.658 5.48049 
73 2 4.26129 6.36752 763.5 250.5 71.5 2 8 763.675 764.103 6.36752 
73 3 3.79357 7.98402 1361.5 287 102.7 3 8 778.799 958.082 7.98402 
73 5 3.36165 2.16948 1537 259.5 94.8 4 8 241.495 260.337 2.16948 
73 7 3.90389 1.33183 454.5 286.5 118.3 5 8 0 159.82 1.33183 
73 8 0 0 326 977.5 19.2 5 8 0 0 0 
73 11 0 0 1582.5 40.5 74.9 5 8 0 0 0 
74 1 4.46114 6.07452 1121.5 253 65.5 1 9 724.486 728.942 6.07452 
74 2 4.22698 1.82504 765 250.5 71.9 2 9 216 219.005 1.82504 
74 3 3.83107 6.4563 1367 284.5 105.2 3 9 724.486 774.756 6.4563 
74 5 3.36143 3.34554 1540.5 260.5 96.8 4 9 341.526 401.465 3.34554 
74 7 3.92063 5.09244 454 288 123.6 5 9 216 611.093 5.09244 
74 8 0 0 291.5 985.5 21.3 5 9 0 0 0 
74 11 0 0 1580.5 40.5 74.9 5 9 0 0 0 
75 1 4.45076 3.71423 1125.5 254.5 65.7 1 10 445.295 445.707 3.71423 
75 2 4.25896 6.52938 769 256.5 71.1 2 10 778.799 783.526 6.52938 
75 3 3.86254 6.09684 1373 282.5 107.7 3 10 683.052 731.621 6.09684 
75 5 3.35293 2.74955 1543.5 260.5 96.2 4 10 324 329.946 2.74955 
75 7 3.90049 2.47083 456.5 289 122 5 10 241.495 296.499 2.47083 
75 8 0 0 234 988.5 26.4 5 10 0 0 0 
75 11 0 0 1578 41 75 5 10 0 0 0 
76 1 4.48762 7.141 1131.5 259 64.3 1 9 843.507 856.92 7.141 
76 2 4.35134 11.003 779 261 76 2 9 1207.48 1320.36 11.003 
76 3 3.85932 3.62775 1377 282 108.2 3 9 432 435.33 3.62775 
76 5 3.36021 3.88461 1547.5 260 97.8 4 9 432 466.153 3.88461 
76 7 3.88905 3.06507 455.5 289.5 125.3 5 9 108 367.809 3.06507 
76 8 0 0 203.5 995 29.4 5 9 0 0 0 
76 11 0 0 1576 43.5 71.9 5 9 0 0 0 
76 14 0 0 1866 323 106.1 6 9 0 0 0 
77 1 4.46469 2.79108 1134.5 259.5 65.1 1 9 324 334.929 2.79108 
77 2 4.41013 8.70143 787 262.5 70.7 2 9 870.724 1044.17 8.70143 
77 3 3.84563 2.84605 1380 281 108.2 3 9 341.526 341.526 2.84605 
77 5 3.3532 2.84153 1550 260.5 98.8 4 9 324 340.983 2.84153 
77 7 3.90538 5.09738 459.5 290.5 121.4 5 9 445.295 611.686 5.09738 
77 11 0 0 1575.5 44 69.3 5 9 0 0 0 
77 14 0 0 1866 325 100.3 5 9 0 0 0 
77 16 0 0 647 33.5 122.4 6 9 0 0 0 
78 1 4.45329 3.60934 1138 259.5 65.4 1 9 432 433.121 3.60934 
78 2 4.38531 2.54848 789.5 264 70.8 2 9 305.47 305.818 2.54848 
78 3 3.8301 2.68087 1382 280.5 106.2 3 9 241.495 321.704 2.68087 
78 5 3.35397 3.41076 1553.5 260 96.5 4 9 324 409.291 3.41076 
78 7 3.91982 4.98871 460 293 116.8 5 9 341.526 598.646 4.98871 
78 11 0 0 1575 46 66.4 5 9 0 0 0 
78 14 0 0 1859.5 327.5 85.3 5 9 0 0 0 
78 16 0 0 647.5 34.5 120.1 5 9 0 0 0 
79 1 4.49257 7.4392 1145 263 63.6 1 8 870.724 892.704 7.4392 
79 2 4.3936 5.01593 794.5 266 69.4 2 8 581.598 601.912 5.01593 
79 3 3.82258 3.25855 1384 279.5 103.3 3 8 241.495 391.026 3.25855 
79 5 3.36099 3.88778 1557.5 260.5 98.1 4 8 432 466.533 3.88778 
79 7 3.94803 6.06355 459.5 291 110.5 5 8 241.495 727.626 6.06355 
79 11 0 0 1574 46.5 65.7 5 8 0 0 0 
79 14 0 0 1847 320 70.6 5 8 0 0 0 
79 16 0 0 649 34.5 117.5 5 8 0 0 0 
80 1 4.50513 5.4597 1149 263.5 68.1 1 8 432 655.164 5.4597 
80 2 4.37105 2.65692 796 266 71.6 2 8 216 318.83 2.65692 
80 3 3.81508 3.245 1387 277.5 103.3 3 8 389.4 389.4 3.245 
80 5 3.35898 3.20615 1560.5 260.5 96.2 4 8 324 384.738 3.20615 
80 7 3.96083 4.93376 462 291.5 115.1 5 8 324 592.051 4.93376 
80 11 0 0 1573 47.5 64.8 5 8 0 0 0 
80 14 0 0 1840 335 64.6 5 8 0 0 0 
80 16 0 0 649 39 111.6 5 8 0 0 0 
81 1 4.59798 11.7471 1161 265.5 63.4 1 8 1313.88 1409.65 11.7471 
81 2 4.40349 6.90109 803 269.5 72.5 2 8 822.503 828.131 6.90109 
81 3 3.82312 4.44237 1390.5 276 99.6 3 8 341.526 533.085 4.44237 
81 5 3.35053 2.7 1563.5 260.5 96.2 4 8 324 324 2.7 
81 7 3.99461 6.59601 461 292 122.2 5 8 152.735 791.521 6.59601 
81 11 0 0 1574 50 61.4 5 8 0 0 0 
81 14 0 0 1837 333 61.2 5 8 0 0 0 
81 16 0 0 649.5 40 105.6 5 8 0 0 0 
82 1 4.59694 4.51605 1165.5 268 63.8 1 8 540 541.925 4.51605 
82 2 4.4101 4.92596 808.5 269.5 70.2 2 8 540 591.115 4.92596 
82 3 3.81206 2.9492 1393.5 276 100.9 3 8 324 353.904 2.9492 
82 5 3.3543 3.64805 1567 260.5 96.8 4 8 432 437.766 3.64805 
82 7 4.0408 7.64307 466 293 129 5 8 550.694 917.168 7.64307 
82 11 0 0 1577 51.5 58.1 5 8 0 0 0 
82 14 0 0 1836 332 59.7 5 8 0 0 0 
82 16 0 0 645 41.5 104.6 5 8 0 0 0 
83 1 4.57328 2.70391 1168 268.5 64 1 8 324 324.469 2.70391 
83 2 4.41127 4.50359 811.5 273 70.4 2 8 540 540.431 4.50359 
83 3 3.84083 6.11379 1399 273.5 99.8 3 8 724.486 733.655 6.11379 
83 5 3.32587 1.08022 1568.5 260.5 97.5 4 8 108 129.627 1.08022 
83 7 4.09325 8.23686 467.5 294.5 138.1 5 8 152.735 988.423 8.23686 
83 11 0 0 1577.5 53.5 56 5 8 0 0 0 
83 14 0 0 1830.5 326 58.4 5 8 0 0 0 
83 16 0 0 649 43.5 103.5 5 8 0 0 0 
84 1 4.5586 3.38432 1171 269.5 66 1 8 341.526 406.119 3.38432 
84 2 4.38617 2.37837 812 274 72.7 2 8 152.735 285.404 2.37837 
84 3 3.83352 3.24861 1402 272 101.5 3 8 341.526 389.834 3.24861 
84 5 3.34452 4.83577 1573 260.5 95.5 4 8 540 580.293 4.83577 
84 7 4.10393 4.95845 471.5 297.5 140.4 5 8 540 595.014 4.95845 
84 11 0 0 1577 54.5 55.2 5 8 0 0 0 
84 14 0 0 1827 325 56.3 5 8 0 0 0 
84 16 0 0 653.5 43 98.8 5 8 0 0 0 
85 1 4.54738 3.6389 1174 271.5 67.8 1 8 389.4 436.668 3.6389 
85 2 4.35061 1.47012 811 273 73.5 2 8 152.735 176.415 1.47012 
85 3 3.83494 3.94992 1405.5 270.5 104.1 3 8 389.4 473.99 3.94992 
85 5 3.32993 2.14853 1575 260.5 96.8 4 8 216 257.824 2.14853 
85 7 4.06911 1.24889 471.5 297 139 5 8 0 149.867 1.24889 
85 11 0 0 1572 55 55.9 5 8 0 0 0 
85 14 0 0 1824.5 319 56.5 5 8 0 0 0 
85 16 0 0 656.5 44 99 5 8 0 0 0 
86 1 4.52558 2.73791 1177 271 68.3 1 8 324 328.549 2.73791 
86 2 4.3494 4.25039 815.5 273.5 76 2 8 432 510.047 4.25039 
86 3 3.8199 2.58686 1406 269 101.5 3 8 152.735 310.423 2.58686 
86 5 3.32234 2.7 1578 260.5 96.8 4 8 324 324 2.7 
86 7 4.07863 4.85882 474.5 300.5 142.3 5 8 458.205 583.058 4.85882 
86 11 0 0 1568 57 55.5 5 8 0 0 0 
86 14 0 0 1816 310 54.6 5 8 0 0 0 
86 16 0 0 653.5 45.5 96.4 5 8 0 0 0 
87 1 4.58095 9.17649 1187.5 272.5 66.6 1 8 1085.39 1101.18 9.17649 
87 2 4.34221 3.74501 819.5 274 76.5 2 8 445.295 449.402 3.74501 
87 3 3.80588 2.64229 1408 269 99.4 3 8 216 317.075 2.64229 
87 5 3.32708 3.72035 1582 261 97.1 4 8 445.295 446.442 3.72035 
87 7 4.09151 5.16075 475.5 300 136.7 5 8 108 619.29 5.16075 
87 11 0 0 1562.5 58.5 54.9 5 8 0 0 0 
87 14 0 0 1805 310.5 49.7 5 8 0 0 0 
87 16 0 0 649.5 46.5 94.4 5 8 0 0 0 
88 1 4.6145 7.43275 1195.5 274 67.1 1 8 890.591 891.931 7.43275 
88 2 4.32608 2.97138 822 275.5 75.6 2 8 341.526 356.566 2.97138 
88 3 3.82842 5.72176 1414.5 267 100 3 8 683.052 686.611 5.72176 
88 5 3.33171 3.72035 1586 260.5 96.8 4 8 445.295 446.442 3.72035 
88 7 4.08675 3.68665 479.5 300.5 137.6 5 8 432 442.398 3.68665 
88 11 0 0 1560.5 59.5 54.7 5 8 0 0 0 
88 14 0 0 1791.5 309.5 44.9 5 8 0 0 0 
88 16 0 0 652.5 48 96 5 8 0 0 0 
89 1 4.61612 4.75393 1200 275.5 65.7 1 8 550.694 570.472 4.75393 
89 2 4.38566 9.44989 832 278.5 74.5 2 8 1127.55 1133.99 9.44989 
89 3 3.83744 4.60443 1419.5 266.5 100.5 3 8 550.694 552.532 4.60443 
89 5 3.3133 1.74904 1586.5 260.5 94.9 4 8 0 209.885 1.74904 
89 7 4.13895 8.57593 477.5 300.5 128.3 5 8 216 1029.11 8.57593 
89 11 0 0 1558 60.5 54.6 5 8 0 0 0 
89 14 0 0 1793 302.5 45.8 5 8 0 0 0 
89 16 0 0 649.5 49 92.1 5 8 0 0 0 
90 1 4.60675 3.8007 1204 276.5 66.6 1 8 445.295 456.084 3.8007 
90 2 4.34632 0.962952 832.5 277.5 74.9 2 8 108 115.554 0.962952 
90 3 3.86296 6.05732 1424.5 264 104.5 3 8 581.598 726.879 6.05732 
90 5 3.31967 3.86732 1589.5 261 97.8 4 8 341.526 464.079 3.86732 
90 7 4.20507 9.89154 482 302 137.8 5 8 581.598 1186.98 9.89154 
90 11 0 0 1552 62 55.1 5 8 0 0 0 
90 14 0 0 1777.5 298 41.7 5 8 0 0 0 
90 16 0 0 656.5 50 90.3 5 8 0 0 0 
91 1 4.64721 8.16718 1213.5 277.5 66 1 8 977.982 980.062 8.16718 
91 2 4.32493 2.46404 834 277.5 73 2 8 216 295.684 2.46404 
91 3 3.88048 5.40503 1430 264.5 104.8 3 8 648 648.604 5.40503 
91 5 3.30721 2.22332 1591.5 260.5 98.9 4 8 241.495 266.799 2.22332 
91 7 4.28891 11.5831 486.5 304.5 149.9 5 8 482.991 1389.97 11.5831 
91 11 0 0 1548 63 53.3 5 8 0 0 0 
91 14 0 0 1772.5 301 40 5 8 0 0 0 
91 16 0 0 658 51 89.8 5 8 0 0 0 
92 1 4.64656 4.58913 1218 278.5 66 1 9 550.694 550.695 4.58913 
92 2 4.38146 9.35604 843 282.5 71.6 2 9 1111.93 1122.72 9.35604 
92 3 3.86623 2.61152 1432 263 102.9 3 9 241.495 313.382 2.61152 
92 5 3.30219 2.86014 1594.5 259 99.2 4 9 341.526 343.216 2.86014 
92 7 4.2661 2.25898 487.5 306 148.8 5 9 241.495 271.077 2.25898 
92 11 0 0 1542 64 54.2 5 9 0 0 0 
92 14 0 0 1758.5 305.5 36.4 5 9 0 0 0 
92 16 0 0 657 53.5 91.8 5 9 0 0 0 
93 1 4.69142 7.34074 1225 282.5 67.2 1 9 870.724 880.889 7.34074 
93 2 4.35817 3.34335 846 284 72.4 2 9 389.4 401.202 3.34335 
93 3 3.84506 2.10455 1434.5 262 102.2 3 9 241.495 252.546 2.10455 
93 5 3.3405 7.59613 1592.5 258 107.3 4 9 241.495 911.535 7.59613 
93 7 4.25796 3.93958 488 308 145 5 9 241.495 472.75 3.93958 
93 11 0 0 1541.5 64.5 53.9 5 9 0 0 0 
93 14 0 0 1751.5 300 35.6 5 9 0 0 0 
93 16 0 0 658.5 55 89.2 5 9 0 0 0 
94 1 4.65363 2.05865 1227 282 68.3 1 9 216 247.038 2.05865 
94 2 4.40251 6.69652 851.5 287 77.1 2 9 629.743 803.582 6.69652 
94 3 3.85787 4.12244 1437 261 98.9 3 9 341.526 494.692 4.12244 
94 5 3.38399 7.43522 1591 257.5 115.5 4 9 152.735 892.227 7.43522 
94 7 4.17603 4.58973 491 310.5 148.6 5 9 389.4 550.768 4.58973 
94 11 0 0 1536 65 54 5 9 0 0 0 
94 14 9.45851 8.36602 1744.5 294 36.8 6 9 995.711 1003.92 8.36602 
94 16 0 0 656.5 56.5 87.8 6 9 0 0 0 
94 20 0 0 1874 111.5 73.7 7 9 0 0 0 
95 1 4.68553 8.36077 1236.5 284.5 67.2 1 8 995.711 1003.29 8.36077 
95 2 4.45205 6.32377 858 287.5 76.5 2 8 756 758.853 6.32377 
95 3 3.86409 4.30955 1441 259.5 100.6 3 8 482.991 517.146 4.30955 
95 5 3.38521 2.97625 1591.5 257 118.8 4 8 0 357.151 2.97625 
95 7 4.19958 5.12953 494.5 313.5 144.8 5 8 458.205 615.543 5.12953 
95 11 0 0 1530 66 55.2 5 8 0 0 0 
95 14 9.80441 16.0307 1730 283.5 36.2 6 8 1922.89 1923.69 16.0307 
95 16 0 0 658 58.5 85.6 6 8 0 0 0 
95 20 0 0 1865.5 112 71.6 6 8 0 0 0 
96 1 4.7045 4.85493 1241 286.5 66.9 1 8 581.598 582.592 4.85493 
96 2 4.46768 6.6456 864 291.5 74.9 2 8 778.799 797.473 6.6456 
96 3 3.88343 3.54868 1443.5 258.5 97.4 3 8 241.495 425.842 3.54868 
96 7 4.29855 11.8235 496.5 313.5 157.8 4 8 216 1418.82 11.8235 
96 11 0 0 1529.5 66.5 54.5 4 8 0 0 0 
96 14 9.72186 8.15327 1721 284 36.5 5 8 977.982 978.392 8.15327 
96 16 0 0 660.5 59 82.7 5 8 0 0 0 
96 20 0 0 1855.5 106 63.7 5 8 0 0 0 
97 1 4.72009 6.03964 1247 289 67.1 1 8 724.486 724.757 6.03964 
97 2 4.50131 6.66458 870.5 293 78.7 2 8 683.052 799.749 6.66458 
97 3 3.89346 3.79711 1447.5 257 98.3 3 8 445.295 455.653 3.79711 
97 7 4.30716 4.76559 499.5 314 162 4 8 341.526 571.871 4.76559 
97 11 0 0 1523 67 53.5 4 8 0 0 0 
97 14 9.78076 10.9589 1709.5 286.5 36 5 8 1313.88 1315.06 10.9589 
97 16 0 0 661 60 82.4 5 8 0 0 0 
97 20 0 0 1849.5 110.5 65.5 5 8 0 0 0 
98 1 4.74011 4.64108 1252.5 288.5 67.8 1 8 550.694 556.929 4.64108 
98 2 4.52498 6.14831 876.5 296 80 2 8 724.486 737.798 6.14831 
98 3 3.87586 2.04186 1449.5 256.5 98.7 3 8 241.495 245.023 2.04186 
98 7 4.26753 3.26054 501.5 314 165.1 4 8 216 391.265 3.26054 
98 11 0 0 1518 68.5 52.7 4 8 0 0 0 
98 14 9.75129 9.13228 1699.5 285.5 34.6 5 8 1085.39 1095.87 9.13228 
98 16 0 0 660 62.5 82.4 5 8 0 0 0 
98 20 0 0 1841.5 112.5 61.9 5 8 0 0 0 
99 1 4.74833 6.57634 1259 290.5 68.5 1 8 786.252 789.161 6.57634 
99 2 4.57648 7.3534 883 300 78.7 2 8 870.724 882.408 7.3534 
99 3 3.87076 2.72198 1452.5 256 98.3 3 8 324 326.638 2.72198 
99 7 4.27048 2.26839 501 316 166.6 4 8 216 272.207 2.26839 
99 11 0 0 1517.5 69.5 51.5 4 8 0 0 0 
99 14 10.0208 15.9509 1682 280 34.2 5 8 1913.76 1914.11 15.9509 
99 16 0 0 659.5 65 83.6 5 8 0 0 0 
99 20 0 0 1833 107.5 58.6 5 8 0 0 0 
100 1 4.76675 4.50011 1264 290.5 68.5 1 8 540 540.013 4.50011 
100 2 4.54785 2.26734 885.5 300.5 80.2 2 8 216 272.081 2.26734 
100 3 3.87318 4.36788 1456 254 96.4 3 8 482.991 524.146 4.36788 
100 7 4.26465 3.16316 504.5 317 165.1 4 8 341.526 379.58 3.16316 
100 11 0 0 1514 71 51.2 4 8 0 0 0 
100 14 9.72298 2.87221 1681 277 33.8 5 8 341.526 344.665 2.87221 
100 16 3.59671 3.25038 656.5 67.5 83.8 6 8 389.4 390.046 3.25038 
100 20 0 0 1824 101 54.7 6 8 0 0 0 
101 1 4.80442 7.42159 1272 292.5 68.5 1 8 890.591 890.591 7.42159 
101 2 4.56141 5.26375 890 303.5 80.7 2 8 629.743 631.65 5.26375 
101 3 4.02142 14.9936 1468.5 251 85.2 3 8 1335.89 1799.23 14.9936 
101 7 4.22312 2.43252 502 318 163.5 4 8 241.495 291.903 2.43252 
101 11 3.51328 5.73649 1508 73 52 5 8 683.052 688.379 5.73649 
101 14 10.1294 19.8845 1659.5 275 33.4 6 8 2385.8 2386.14 19.8845 
101 16 0 0 655.5 68.5 82.7 6 8 0 0 0 
101 20 0 0 1817.5 105 53.3 6 8 0 0 0 
102 1 4.81458 5.13554 1277 290.5 66.6 1 8 581.598 616.265 5.13554 
102 2 4.50594 3.17568 893 304 82.2 2 8 341.526 381.082 3.17568 
102 3 4.15552 15.6523 1457.5 248.5 98.4 3 8 1231.39 1878.28 15.6523 
102 7 4.19581 5.90234 504 319 169.7 4 8 241.495 708.281 5.90234 
102 11 3.5511 4.87498 1503 75 52.6 5 8 581.598 584.997 4.87498 
102 14 9.97586 6.13631 1653 272 32.2 6 8 724.486 736.358 6.13631 
102 16 0 0 653 66.5 80.1 6 8 0 0 0 
102 20 0 0 1809.5 103.5 50.8 6 8 0 0 0 
103 1 4.81438 3.6102 1281 290.5 66.9 1 7 432 433.224 3.6102 
103 2 4.48462 2.18444 895 303 81.3 2 7 241.495 262.133 2.18444 
103 3 4.14264 2.99649 1460 247 99.4 3 7 341.526 359.579 2.99649 
103 7 4.18183 4.71501 508 322.5 168.1 4 7 540 565.802 4.71501 
103 11 3.54486 3.32019 1500.5 77.5 51.8 5 7 389.4 398.422 3.32019 
103 14 10.6756 28.8692 1621.5 270.5 33.2 6 7 3462.74 3464.31 28.8692 
103 16 0 0 656.5 68 78.1 6 7 0 0 0 
103 20 0 0 1801.5 99 48.4 6 7 0 0 0 
104 1 4.85145 8.23814 1289.5 294 65 1 7 965.981 988.576 8.23814 
104 2 4.44423 3.94821 898.5 304 78.3 2 7 341.526 473.785 3.94821 
104 7 4.24999 9.68561 511 324 158 3 7 389.4 1162.27 9.68561 
104 11 3.57023 4.50892 1497 81.5 51.5 4 7 540 541.07 4.50892 
104 14 10.5862 8.17322 1612 269 33.9 5 7 977.982 980.786 8.17322 
104 16 0 0 657.5 70.5 75.2 5 7 0 0 0 
104 20 0 0 1795.5 98 46.7 5 7 0 0 0 
105 1 4.85604 4.63676 1294.5 295.5 65.7 1 7 550.694 556.411 4.63676 
105 2 4.45833 4.83502 903.5 304.5 80.2 2 7 540 580.202 4.83502 
105 7 4.19997 2.33683 513 325.5 159.3 3 7 241.495 280.419 2.33683 
105 11 3.62469 5.69397 1495 87 51.7 4 7 683.052 683.277 5.69397 
105 14 10.7354 14.9115 1597 262.5 34.6 5 7 1787.72 1789.38 14.9115 
105 16 0 0 657.5 74 74.6 5 7 0 0 0 
105 20 0 0 1786.5 96 44.4 5 7 0 0 0 
106 1 4.92273 9.24966 1303.5 299 68.6 1 7 1063.68 1109.96 9.24966 
106 2 4.46789 4.63171 908.5 305 79.5 2 7 550.694 555.805 4.63171 
106 7 4.20156 9.62741 510 325 169.6 3 7 324 1155.29 9.62741 
106 11 3.66513 5.24222 1491 91 53.1 4 7 610.94 629.067 5.24222 
106 14 10.9563 17.3617 1578.5 265 33.1 5 7 2077.42 2083.4 17.3617 
106 16 3.74836 10.2593 658 84 79.9 6 7 1085.39 1231.12 10.2593 
106 20 0 0 1780.5 92.5 42.5 6 7 0 0 0 
107 1 5.00107 9.81975 1312 302.5 74 1 7 1024.58 1178.37 9.81975 
107 2 4.50473 5.09594 913.5 307 77.8 2 7 581.598 611.512 5.09594 
107 7 4.32709 12.4867 512 326 183.3 3 7 241.495 1498.4 12.4867 
107 11 3.63072 2.2543 1490.5 93 51.9 4 7 241.495 270.516 2.2543 
107 14 10.7867 5.699 1572.5 263 32.8 5 7 683.052 683.88 5.699 
107 16 3.76319 4.19353 656.5 87.5 82.9 6 7 389.4 503.224 4.19353 
107 20 0 0 1773 92.5 40.5 6 7 0 0 0 
108 1 5.01261 3.8642 1316 303.5 72.8 1 7 445.295 463.705 3.8642 
108 2 4.50672 1.62169 913 306.5 79.3 2 7 108 194.602 1.62169 
108 7 4.31985 2.56463 510.5 327 185 3 7 241.495 307.755 2.56463 
108 11 3.69327 6.2581 1484 96.5 53.8 4 7 724.486 750.973 6.2581 
108 14 10.8781 13.712 1558.5 257.5 32.5 5 7 1645.01 1645.44 13.712 
108 16 3.72731 2.65064 654 89.5 83.7 6 7 305.47 318.076 2.65064 
108 20 0 0 1764.5 91 38.6 6 7 0 0 0 
109 1 5.05376 9.42788 1326.5 306 73.7 1 7 1127.55 1131.35 9.42788 
109 2 4.53851 7.95315 920 311 81.3 2 7 929.051 954.378 7.95315 
109 7 4.35349 6.38519 516 328.5 188.7 3 7 656.938 766.223 6.38519 
109 11 3.67571 2.93793 1481 97.5 54.6 4 7 341.526 352.552 2.93793 
109 14 11.0578 16.8077 1543 246.5 34.1 5 7 2008.92 2016.92 16.8077 
109 16 3.69795 2.7879 654 90 80.8 6 7 108 334.547 2.7879 
109 20 0 0 1756 90.5 36.9 6 7 0 0 0 
110 1 5.04481 2.91473 1329 307 73 1 7 341.526 349.768 2.91473 
110 2 4.53892 3.78456 923 310 84.1 2 7 341.526 454.147 3.78456 
110 7 4.36944 4.22866 518 329.5 192.8 3 7 241.495 507.439 4.22866 
110 11 3.76242 7.49115 1473.5 99 55.7 4 7 890.591 898.938 7.49115 
110 14 10.9101 6.03825 1537.5 243 34 5 7 724.486 724.59 6.03825 
110 16 3.67075 2.80036 655 92 78.6 6 7 241.495 336.043 2.80036 
110 20 0 0 1745.5 90 35.1 6 7 0 0 0 
111 1 5.11998 8.54047 1338.5 304.5 73.2 1 8 1024.58 1024.86 8.54047 
111 2 4.5803 5.698 929.5 312.5 84.4 2 8 683.052 683.76 5.698 
111 7 4.40735 7.56157 519 332.5 185 3 8 341.526 907.388 7.56157 
111 11 3.75096 3.2466 1470.5 101.5 55.6 4 8 389.4 389.592 3.2466 
111 14 11.0171 14.6547 1521.5 240.5 34.4 5 8 1758.11 1758.57 14.6547 
111 16 3.60694 1.50133 654.5 93.5 77.7 6 8 152.735 180.16 1.50133 
111 20 0 0 1744 88.5 34.5 6 8 0 0 0 
112 1 5.12509 6.30306 1345 304 73.4 1 8 756 756.368 6.30306 
112 2 4.58953 3.39879 932.5 312 86.7 2 8 324 407.855 3.39879 
112 7 4.36714 2.59394 520.5 334.5 186.9 3 8 241.495 311.273 2.59394 
112 11 3.78039 5.10496 1466.5 105.5 55.2 4 8 610.94 612.596 5.10496 
112 14 11.3611 23.4005 1495 240 34.2 5 8 2808 2808.06 23.4005 
112 16 3.60394 3.50178 651.5 95 79.2 6 8 389.4 420.214 3.50178 
112 20 0 0 1734 97 32.2 6 8 0 0 0 
113 1 5.11938 6.07716 1351 307 74.2 1 8 724.486 729.259 6.07716 
113 2 4.60899 6.32037 933 311.5 79.8 2 8 152.735 758.444 6.32037 
113 7 4.4624 11.0884 520 334.5 174.5 3 8 0 1330.61 11.0884 
113 11 3.76427 3.02279 1468.5 106 52.7 4 8 241.495 362.735 3.02279 
113 14 11.2314 6.56219 1488 238 34.6 5 8 786.252 787.462 6.56219 
113 16 3.59787 3.38563 652.5 93.5 76.2 6 8 241.495 406.275 3.38563 
113 20 0 0 1728 98.5 31.1 6 8 0 0 0 
113 21 0 0 1665 258.5 96.2 7 8 0 0 0 
114 1 5.11436 3.6002 1355.5 307 74.3 1 8 432 432.025 3.6002 
114 2 4.6049 4.89953 938 313.5 80.6 2 8 581.598 587.943 4.89953 
114 7 4.51503 8.23247 522.5 337.5 183 3 8 389.4 987.897 8.23247 
114 11 3.78846 4.92539 1463.5 108 53.6 4 8 581.598 591.046 4.92539 
114 14 11.2449 11.7448 1475.5 237 34.1 5 8 1408.15 1409.38 11.7448 
114 16 3.57896 2.89799 654 95 74.6 6 8 305.47 347.759 2.89799 
114 20 0 0 1718.5 101 29.6 6 8 0 0 0 
114 21 3.18436 3.18436 1666.5 257.5 99.5 7 8 152.735 382.123 3.18436 
115 1 5.09998 4.19519 1359 305.5 72.9 1 8 482.991 503.423 4.19519 
115 2 4.66268 6.24188 943.5 313.5 85.4 2 8 540 749.026 6.24188 
115 7 4.50905 1.99547 523 336.5 181.2 3 8 152.735 239.457 1.99547 
115 11 3.77776 3.26384 1460.5 110 53.3 4 8 389.4 391.661 3.26384 
115 14 11.1658 8.15992 1466 236.5 33.6 5 8 977.982 979.191 8.15992 
115 16 3.6497 6.26726 657.5 101 76.5 6 8 724.486 752.071 6.26726 
115 20 0 0 1710 105 28.2 6 8 0 0 0 
115 21 6.8973 10.6102 1661 259.5 89 7 8 581.598 1273.23 10.6102 
116 1 5.17048 10.1269 1369.5 310 71.7 1 8 1207.48 1215.23 10.1269 
116 2 4.64989 2.91823 945.5 312 87.7 2 8 241.495 350.187 2.91823 
116 7 4.62801 12.6146 526 336 194.9 3 8 324 1513.75 12.6146 
116 11 3.87507 8.64338 1451 113.5 54.7 4 8 1024.58 1037.21 8.64338 
116 14 11.2025 12.6333 1452.5 235.5 33.4 5 8 1515.85 1515.99 12.6333 
116 16 3.96343 15.885 650.5 112 88.4 6 8 1408.15 1906.21 15.885 
116 20 0 0 1708 103.5 28.1 6 8 0 0 0 
116 21 6.41782 5.45885 1667 259 89.9 7 8 648 655.062 5.45885 
117 1 5.18969 6.30259 1376 310.5 71.5 1 8 756 756.311 6.30259 
117 2 4.63015 6.07174 951.5 314.5 85.4 2 8 683.052 728.609 6.07174 
117 7 4.70416 7.98092 522.5 336.5 187 3 8 432 957.711 7.98092 
117 11 3.96111 8.26305 1442.5 114 56.3 4 8 977.982 991.566 8.26305 
117 14 11.1506 9.07567 1442 234 34.3 5 8 1085.39 1089.08 9.07567 
117 16 3.97713 4.5115 654 115 88 6 8 540 541.38 4.5115 
117 20 0 0 1704 101 27.7 6 8 0 0 0 
117 21 6.44904 6.54272 1673 259 94 7 8 648 785.127 6.54272 
118 1 5.19488 6.16512 1382.5 310.5 74.8 1 8 648 739.814 6.16512 
118 2 4.63733 6.07471 957 317 86.1 2 8 724.486 728.965 6.07471 
118 7 4.77646 11.6388 521 339.5 174.5 3 8 341.526 1396.65 11.6388 
118 11 4.03011 7.54929 1434.5 113.5 58.6 4 8 870.724 905.914 7.54929 
118 14 11.2733 16.3011 1424 232 34.5 5 8 1955.96 1956.13 16.3011 
118 16 3.97658 3.95456 653.5 117 84.3 6 8 241.495 474.547 3.95456 
118 20 0 0 1692 101.5 26.3 6 8 0 0 0 
118 21 5.73064 2.85703 1676 258.5 93.7 7 8 341.526 342.844 2.85703 
119 1 5.22951 5.10289 1387 312 73 1 8 581.598 612.347 5.10289 
119 2 4.66912 8.13998 965 317.5 81.9 2 8 864 976.798 8.13998 
119 7 4.75797 1.71295 521 340 176.1 3 8 108 205.554 1.71295 
119 11 4.06199 5.71957 1428 113.5 60.7 4 8 648 686.349 5.71957 
119 14 11.2365 9.69344 1414 228 34.6 5 8 1163.2 1163.21 9.69344 
119 16 3.91843 1.53412 653 117 82.6 6 8 0 184.094 1.53412 
119 20 0 0 1687 100 25.8 6 8 0 0 0 
119 21 5.42579 3.90152 1679 258.5 96.8 7 8 324 468.183 3.90152 
120 1 5.22242 4.51309 1392.5 312 73.4 1 7 540 541.571 4.51309 
120 2 4.64255 2.32749 966 318 84.1 2 7 152.735 279.299 2.32749 
120 7 4.74624 3.24607 522.5 341.5 172.8 3 7 152.735 389.528 3.24607 
120 11 4.10487 6.37745 1422 116 63 4 7 724.486 765.294 6.37745 
120 14 11.311 14.515 1398.5 226 34.9 5 7 1741.45 1741.8 14.515 
120 16 3.8516 1.04483 653 117 81.4 6 7 0 125.38 1.04483 
120 20 0 0 1683 98.5 25.6 6 7 0 0 0 
120 21 4.92161 1.89655 1681.5 258.5 97.5 7 7 216 227.585 1.89655 
121 1 5.24692 9.03455 1401 313 77.7 1 7 977.982 1084.15 9.03455 
121 2 4.68599 9.40703 976.5 321 83.6 2 7 1127.55 1128.84 9.40703 
121 11 4.11849 4.8542 1417 117.5 64.7 3 7 550.694 582.504 4.8542 
121 14 11.3822 14.5121 1382.5 224.5 34.9 4 7 1741.45 1741.45 14.5121 
121 16 3.90835 6.34861 656.5 115 75.3 5 7 389.4 761.834 6.34861 
121 20 0 0 1675.5 97.5 25.2 5 7 0 0 0 
121 21 4.77203 3.72497 1685 259 97.9 6 7 445.295 446.997 3.72497 
122 1 5.28511 5.41373 1407.5 313 77.3 1 8 648 649.648 5.41373 
122 2 4.68142 3.302 978.5 321.5 80.5 2 8 216 396.24 3.302 
122 11 4.15519 6.17333 1411 120 63.3 3 8 724.486 740.8 6.17333 
122 14 11.3901 11.7485 1369 223.5 35.5 4 8 1408.15 1409.83 11.7485 
122 16 4.02707 9.25055 654 122.5 82.6 5 8 786.252 1110.07 9.25055 
122 20 0 0 1649 96.5 25 5 8 0 0 0 
122 21 4.56483 2.90724 1686 258.5 95 6 8 152.735 348.869 2.90724 
123 1 5.32552 7.26306 1415.5 314 76.9 1 8 870.724 871.567 7.26306 
123 2 4.65073 1.31683 979.5 322.5 80.9 2 8 152.735 158.02 1.31683 
123 11 4.15299 4.02979 1407.5 122.5 63.5 3 8 482.991 483.574 4.02979 
123 14 11.5126 17.1482 1350 222.5 34.5 4 8 2054.84 2057.78 17.1482 
123 16 4.02749 4.04667 656 126.5 82.1 5 8 482.991 485.601 4.04667 
123 20 0 0 1639 98 25.2 5 8 0 0 0 
123 21 4.49477 3.8642 1689 259 97.9 6 8 341.526 463.704 3.8642 
124 1 5.34516 5.48379 1421.5 313 77.3 1 8 656.938 658.055 5.48379 
124 2 4.63158 3.40897 982.5 322.5 83.2 2 8 324 409.077 3.40897 
124 11 4.20884 7.39258 1400.5 125 66.6 3 8 822.503 887.109 7.39258 
124 14 11.4514 8.57352 1341.5 225.5 35.4 4 8 1024.58 1028.82 8.57352 
124 16 4.01469 3.42577 654 128.5 79.6 5 8 305.47 411.092 3.42577 
124 20 0 0 1632.5 94.5 25 5 8 0 0 0 
124 21 4.35731 2.98267 1692.5 258.5 98.9 6 8 341.526 357.921 2.98267 
124 22 0 0 1539.5 227 92.9 7 8 0 0 0 
125 1 5.39973 7.70869 1429 312.5 80.2 1 8 870.724 925.043 7.70869 
125 2 4.60638 5.72135 983.5 324 89.1 2 8 241.495 686.562 5.72135 
125 11 4.23733 5.88992 1394 127.5 68.3 3 8 683.052 706.79 5.88992 
125 14 11.4381 10.8 1329 225.5 35.4 4 8 1296 1296.01 10.8 
125 16 4.04964 5.69242 656.5 134.5 79.5 5 8 683.052 683.091 5.69242 
125 20 0 0 1603.5 95 25.2 5 8 0 0 0 
125 21 4.3894 4.74248 1697 257.5 100.2 6 8 550.694 569.098 4.74248 
125 22 2.713 2.713 1542.5 227.5 93.2 7 8 324 325.561 2.713 
126 1 5.41645 5.19944 1433.5 316 81.3 1 8 610.94 623.933 5.19944 
126 2 4.68949 10.2646 992.5 325.5 82.2 2 8 977.982 1231.75 10.2646 
126 11 4.22087 3.24966 1392.5 130.5 68.1 3 8 389.4 389.959 3.24966 
126 14 11.4256 10.8121 1317 225 34.8 4 8 1296 1297.46 10.8121 
126 16 4.02062 2.62779 654 136.5 78.8 5 8 305.47 315.335 2.62779 
126 20 0 0 1593.5 92 25.3 5 8 0 0 0 
126 21 4.39997 4.52673 1701 257 97.1 6 8 432 543.208 4.52673 
126 22 2.83746 2.96191 1545.5 226 94.1 7 8 341.526 355.429 2.96191 
127 1 5.41584 5.70959 1439.5 315 83.2 1 8 656.938 685.151 5.70959 
127 2 4.72679 8.30741 995 324 90.9 2 8 341.526 996.889 8.30741 
127 11 4.20645 3.34106 1389.5 132.5 67.2 3 8 389.4 400.928 3.34106 
127 14 11.4494 12.6385 1303.5 226 35.2 4 8 1515.85 1516.62 12.6385 
127 16 4.058 5.88955 654 142 81.4 5 8 648 706.745 5.88955 
127 20 0 0 1576 86.5 26.5 5 8 0 0 0 
127 21 4.36809 3.95364 1704 256.5 100.2 6 8 341.526 474.437 3.95364 
127 22 3.57661 5.05492 1549.5 225.5 90.3 7 8 445.295 606.59 5.05492 
128 1 5.45642 7.3416 1446 316 79.1 1 8 763.675 880.992 7.3416 
128 2 4.72481 3.85273 998.5 326 93.2 2 8 389.4 462.328 3.85273 
128 11 4.18281 2.7407 1387.5 133.5 65.1 3 8 241.495 328.884 2.7407 
128 14 11.5236 15.3093 1286 226.5 34.6 4 8 1836 1837.11 15.3093 
128 16 3.99734 0.964324 654.5 143.5 81.8 5 8 108 115.719 0.964324 
128 20 0 0 1561.5 86 25.7 5 8 0 0 0 
128 21 4.19688 1.8 1706 256.5 100.2 6 8 216 216 1.8 
128 22 3.46339 3.12373 1552 224 91.7 7 8 341.526 374.847 3.12373 
129 1 5.49913 5.82864 1452 315 76.9 1 8 656.938 699.436 5.82864 
129 2 4.71797 2.23375 1000.5 326.5 91.7 2 8 216 268.05 2.23375 
129 11 4.19188 4.75411 1391 135.5 62.3 3 8 482.991 570.493 4.75411 
129 14 11.4604 8.17297 1277 225 35.3 4 8 977.982 980.757 8.17297 
129 16 3.9726 2.71091 654 146.5 82 5 8 324 325.309 2.71091 
129 20 0 0 1549.5 85 25.7 5 8 0 0 0 
129 21 4.11334 2.86021 1709 257 100.5 6 8 341.526 343.225 2.86021 
129 22 3.54589 3.87591 1555 224.5 88.6 7 8 324 465.109 3.87591 
130 1 5.45395 3.82484 1456 314.5 77.9 1 8 445.295 458.98 3.82484 
130 2 4.75092 6.2256 1005 327 96.4 2 8 550.694 747.072 6.2256 
130 11 4.20271 4.88513 1386.5 137 61.6 3 8 581.598 586.216 4.88513 
130 14 11.4655 11.7351 1264.5 224.5 35.2 4 8 1408.15 1408.21 11.7351 
130 16 3.93635 2.0514 655 148 81.6 5 8 241.495 246.169 2.0514 
130 20 0 0 1539.5 82.5 25.9 5 8 0 0 0 
130 21 4.09751 3.84417 1713 256.5 101.6 6 8 445.295 461.3 3.84417 
130 22 3.55636 3.60871 1559 224 88.3 7 8 432 433.045 3.60871 
131 1 5.45998 5.07775 1461.5 313 80.3 1 8 550.694 609.33 5.07775 
131 2 4.76072 3.82726 1009 328.5 95.3 2 8 445.295 459.271 3.82726 
131 11 4.18054 2.762 1384 139.5 60.4 3 8 305.47 331.44 2.762 
131 14 11.4799 12.2576 1251.5 228 35.9 4 8 1468.96 1470.91 12.2576 
131 16 3.9155 2.81017 657.5 148.5 79.2 5 8 216 337.22 2.81017 
131 20 0 0 1518 86 27.2 5 8 0 0 0 
131 21 4.02079 2.71654 1716 256 101.3 6 8 324 325.985 2.71654 
131 22 3.48529 3.05884 1562 224 86.7 7 8 324 367.061 3.05884 
132 1 5.46729 5.5749 1467 313.5 78.8 1 8 648 668.988 5.5749 
132 2 4.78421 2.80028 1011.5 329 93.2 2 8 241.495 336.033 2.80028 
132 11 4.14494 1.83052 1384.5 141 60.1 3 8 216 219.662 1.83052 
132 14 11.5001 12.611 1237.5 228.5 35.3 4 8 1512 1513.32 12.611 
132 16 3.91268 3.76037 658 152.5 78.5 5 8 445.295 451.245 3.76037 
132 20 0 0 1505 82.5 26 5 8 0 0 0 
132 21 3.96718 3.00226 1719.5 255.5 102.3 6 8 341.526 360.271 3.00226 
132 22 3.61478 4.52119 1566 223.5 89.6 7 8 445.295 542.543 4.52119 
133 1 5.47559 5.47699 1473 314 78.6 1 8 656.938 657.239 5.47699 
133 2 4.83558 7.85184 1019 329.5 96.7 2 8 864 942.221 7.85184 
133 11 4.15032 4.50577 1380 144 59.8 3 8 540 540.692 4.50577 
133 14 11.4881 10.816 1225.5 228 36 4 8 1296 1297.92 10.816 
133 16 3.97866 7.60787 660 160 80.4 5 8 890.591 912.945 7.60787 
133 20 0 0 1490 82.5 26.6 5 8 0 0 0 
133 21 4.03062 5.23593 1724 254.5 99.5 6 8 550.694 628.312 5.23593 
133 22 3.75954 4.91764 1571 223.5 91.8 7 8 540 590.117 4.91764 
134 1 5.45972 5.29513 1478 317.5 79.4 1 8 629.743 635.415 5.29513 
134 2 4.88762 7.44551 1027.5 331.5 96 2 8 890.591 893.461 7.44551 
134 11 4.14867 4.03811 1376.5 146.5 59.5 3 8 482.991 484.573 4.03811 
134 14 11.5388 14.4295 1209.5 229.5 36.2 4 8 1731.37 1731.54 14.4295 
134 16 3.97528 3.78597 659 164.5 81.2 5 8 445.295 454.316 3.78597 
134 20 0 0 1478.5 81.5 26.9 5 8 0 0 0 
134 21 4.00101 3.4089 1725.5 254 95.9 6 8 108 409.068 3.4089 
134 22 3.77016 3.86575 1575.5 224.5 90.6 7 8 445.295 463.89 3.86575 
135 1 5.49096 6.39304 1485 316 80 1 8 763.675 767.165 6.39304 
135 2 4.89376 6.32712 1033.5 333.5 92.9 2 8 683.052 759.255 6.32712 
135 11 4.1299 2.85318 1373.5 147.5 59.2 3 8 341.526 342.381 2.85318 
135 14 11.5439 11.8377 1196 227.5 36.2 4 8 1420.52 1420.52 11.8377 
135 16 3.9287 1.27362 658.5 165 81.3 5 8 152.735 152.835 1.27362 
135 20 0 0 1463 80.5 26.5 5 8 0 0 0 
135 21 3.9114 2.02963 1727.5 253.5 96.2 6 8 241.495 243.556 2.02963 
135 22 3.69153 2.90527 1578.5 223.5 90 7 8 341.526 348.633 2.90527 
136 1 5.51835 5.31134 1490 317.5 83 1 8 550.694 637.361 5.31134 
136 2 4.88287 4.65376 1036 333 97.1 2 8 324 558.451 4.65376 
136 11 4.11824 3.31387 1370 149.5 60 3 8 389.4 397.664 3.31387 
136 14 11.537 11.1327 1184 224 36.3 4 8 1335.89 1335.93 11.1327 
136 16 3.93202 4.12463 659.5 169.5 83.3 5 8 445.295 494.955 4.12463 
136 20 0 0 1447.5 80.5 26.5 5 8 0 0 0 
136 21 3.90699 3.80997 1730.5 253 99.2 6 8 324 457.196 3.80997 
136 22 3.77273 4.66593 1583.5 223 88.6 7 8 540 559.912 4.66593 
137 1 5.54077 6.76356 1497.5 315.5 84.9 1 8 786.252 811.627 6.76356 
137 2 4.86102 2.29619 1037.5 333.5 99.5 2 8 108 275.543 2.29619 
137 11 4.1125 3.7108 1366 150.5 60 3 8 445.295 445.295 3.7108 
137 14 11.5842 14.4173 1168 224 37.1 4 8 1728 1730.07 14.4173 
137 16 3.92834 3.7109 660 173 83.3 5 8 445.295 445.308 3.7109 
137 20 0 0 1433 79 27.3 5 8 0 0 0 
137 21 3.92486 4.33589 1733 252.5 95.5 6 8 341.526 520.306 4.33589 
137 22 3.87548 5.10844 1588 221 90.4 7 8 581.598 613.013 5.10844 
138 1 5.55824 7.25358 1505.5 315.5 85.9 1 8 864 870.429 7.25358 
138 2 4.86034 3.65384 1039.5 333.5 103 2 8 216 438.461 3.65384 
138 11 4.07299 1.26772 1366 151.5 59 3 8 108 152.126 1.26772 
138 14 11.5577 9.9409 1157.5 225 37 4 8 1192.9 1192.91 9.9409 
138 16 3.92526 3.74045 660.5 177 82.2 5 8 432 448.854 3.74045 
138 20 0 0 1422.5 78.5 27.6 5 8 0 0 0 
138 21 3.84355 1.89205 1735.5 252.5 96.2 6 8 216 227.046 1.89205 
138 22 3.88815 4.05292 1591.5 218.5 91.9 7 8 458.205 486.35 4.05292 
139 1 5.61781 8.01374 1513.5 314 89.6 1 8 870.724 961.649 8.01374 
139 2 4.88279 9.10344 1043 333 112.3 2 8 432 1092.41 9.10344 
139 11 4.0805 4.62141 1361 152 59.6 3 8 550.694 554.569 4.62141 
139 14 11.5314 9.90076 1146 225.5 37.1 4 8 1188 1188.09 9.90076 
139 16 3.90917 2.92762 661 180.5 81.4 5 8 341.526 351.315 2.92762 
139 20 0 0 1410 77 26.2 5 8 0 0 0 
139 21 3.82508 3.36339 1738 251.5 98.2 6 8 341.526 403.607 3.36339 
139 22 3.92458 4.43453 1595 216 94 7 8 482.991 532.144 4.43453 
140 1 5.63495 7.30276 1521 315 90.6 1 8 870.724 876.331 7.30276 
140 2 4.85856 3.08742 1046 334.5 111 2 8 341.526 370.49 3.08742 
140 11 4.08828 4.65607 1356.5 153.5 60.5 3 8 550.694 558.729 4.65607 
140 14 11.5116 10.263 1135.5 228 37.3 4 8 1231.39 1231.56 10.263 
140 16 3.86444 1.09108 660.5 180 80.7 5 8 108 130.93 1.09108 
140 20 0 0 1397.5 76 26.6 5 8 0 0 0 
140 21 3.84705 4.4182 1739.5 251 93.4 6 8 108 530.184 4.4182 
140 22 3.98644 4.91436 1600.5 215 95.9 7 8 550.694 589.723 4.91436 
141 1 5.65011 6.75152 1528 314 93.1 1 8 763.675 810.182 6.75152 
141 2 4.87202 5.70704 1052.5 336 111.4 2 8 683.052 684.845 5.70704 
141 11 4.10967 5.6921 1350.5 155.5 60.5 3 8 683.052 683.052 5.6921 
141 14 11.5305 12.7399 1121.5 226 37.9 4 8 1527.35 1528.79 12.7399 
141 16 3.85686 3.37957 662 183 79.7 5 8 389.4 405.549 3.37957 
141 20 0 0 1380 75.5 28 5 8 0 0 0 
141 21 3.84575 3.8105 1743.5 250.5 94.3 6 8 445.295 457.261 3.8105 
141 22 3.97078 3.72014 1604 214.5 95.6 7 8 445.295 446.417 3.72014 
142 1 5.65287 4.8718 1533.5 312 93.6 1 8 581.598 584.616 4.8718 
142 2 4.85434 7.29747 1060.5 336.5 112.8 2 8 864 875.697 7.29747 
142 11 4.07983 1.84245 1351 154.5 59 3 8 152.735 221.094 1.84245 
142 14 11.5331 11.7001 1108 226 38 4 8 1404 1404.01 11.7001 
142 16 3.8329 2.29962 663.5 183 77.3 5 8 108 275.955 2.29962 
142 20 0 0 1369.5 74.5 28.1 5 8 0 0 0 
142 21 3.78753 2.15758 1744.5 250 92.2 6 8 108 258.91 2.15758 
142 22 3.89497 2.60625 1606.5 212.5 95 7 8 305.47 312.75 2.60625 
143 1 5.70757 8.51643 1539 305.5 95.7 1 8 995.711 1021.97 8.51643 
143 2 4.87896 4.0441 1064.5 338 112.3 2 8 482.991 485.292 4.0441 
143 11 4.16218 10.4205 1340 157.5 61 3 8 1231.39 1250.46 10.4205 
143 14 11.5357 11.707 1095.5 226 38.4 4 8 1404 1404.84 11.707 
143 16 3.85879 5.54139 664.5 188.5 73.9 5 8 550.694 664.967 5.54139 
143 20 0 0 1352 74 27.5 5 8 0 0 0 
143 21 3.90643 7.35431 1749.5 249 98.5 6 8 550.694 882.517 7.35431 
143 22 3.84043 2.85881 1609 211 94.7 7 8 341.526 343.057 2.85881 
144 1 5.741 5.76097 1545.5 303 96.7 1 8 683.052 691.316 5.76097 
144 2 4.90395 4.97529 1069.5 339.5 110.2 2 8 550.694 597.034 4.97529 
144 11 4.16717 4.55113 1335 157.5 60.2 3 8 540 546.135 4.55113 
144 14 11.5386 11.7373 1082 225.5 38.7 4 8 1408.15 1408.47 11.7373 
144 16 3.91078 7.34199 672.5 188.5 75.5 5 8 864 881.039 7.34199 
144 20 0 0 1333.5 73.5 28.3 5 8 0 0 0 
144 21 3.82894 1.50442 1750.5 249 97.2 6 8 108 180.531 1.50442 
144 22 3.75275 2.08682 1611.5 210 94.1 7 8 241.495 250.418 2.08682 
145 1 5.74691 3.82016 1548 306.5 96.9 1 8 458.205 458.419 3.82016 
145 2 4.93944 6.88805 1074.5 338 115.9 2 8 550.694 826.566 6.88805 
145 11 4.16585 4.06323 1331.5 159 60.9 3 8 482.991 487.588 4.06323 
145 14 11.541 11.7013 1069.5 225.5 38.5 4 8 1404 1404.15 11.7013 
145 16 4.03007 12.0225 685.5 191.5 74.8 5 8 1440.9 1442.7 12.0225 
145 20 0 0 1320.5 72.5 28.9 5 8 0 0 0 
145 21 3.89298 5.87806 1756.5 248.5 99.6 6 8 656.938 705.367 5.87806 
145 22 3.75453 3.7901 1611.5 209 90 7 8 108 454.812 3.7901 
146 1 5.734 4.63424 1553.5 307 96.1 1 8 550.694 556.109 4.63424 
146 2 4.95671 4.38481 1077 338 119.7 2 8 324 526.177 4.38481 
146 11 4.19334 6.36519 1324 160.5 60.7 3 8 763.675 763.823 6.36519 
146 14 11.5433 11.7016 1056.5 225.5 38.3 4 8 1404 1404.19 11.7016 
146 16 4.04139 4.81158 690 191 72.9 5 8 540 577.39 4.81158 
146 20 0 0 1301.5 71.5 29.8 5 8 0 0 0 
146 21 3.8943 3.9365 1759.5 248 102.8 6 8 324 472.38 3.9365 
146 22 3.82339 5.26936 1616 208 92.9 7 8 550.694 632.323 5.26936 
147 1 5.74585 6.2497 1552 303.5 90.5 1 9 445.295 749.964 6.2497 
147 2 4.90579 1.25647 1078.5 338 118.8 2 9 108 150.776 1.25647 
147 11 4.20186 4.88303 1319.5 162 61.4 3 9 581.598 585.963 4.88303 
147 14 11.5376 11.1404 1044.5 222 38.8 4 9 1335.89 1336.85 11.1404 
147 16 4.1498 11.63 693 202 79 5 9 1231.39 1395.6 11.63 
147 20 0 0 1284 70 29.5 5 9 0 0 0 
147 21 3.84576 2.24397 1761 247.5 103.9 6 9 241.495 269.276 2.24397 
147 22 3.79248 3.11253 1617.5 207.5 89.7 7 9 152.735 373.503 3.11253 
148 1 5.83536 13.0882 1565 299.5 95.7 1 9 1468.96 1570.59 13.0882 
148 2 4.99296 11.4987 1086 339.5 128.7 2 9 870.724 1379.84 11.4987 
148 11 4.19454 3.60174 1315.5 162.5 61.3 3 9 432 432.208 3.60174 
148 14 11.5443 12.0184 1031.5 225.5 38.2 4 9 1440.9 1442.2 12.0184 
148 16 4.19401 7.28879 690.5 209 81.8 5 9 822.503 874.655 7.28879 
148 20 0 0 1271.5 68.5 30.2 5 9 0 0 0 
148 21 3.83916 3.615 1765 247 104.2 6 9 432 433.8 3.615 
148 22 3.80159 4.01109 1621.5 207 91.7 7 9 432 481.331 4.01109 
